0.007498
0.210379
-0.117468
-0.358418
-0.164577
0.603465
1.292587
0.176905
0.547159
0.348424
-0.781835
0.734340
1.413676
0.331985
2.304348
1.276220
-0.858990
0.751697
0.400073
2.119577
1.808866
1.060012
0.197562
-0.106793
-0.624801
-0.880565
0.689489
0.157438
0.306422
-0.031964
-0.152650
0.827838
0.529861
0.487292
1.020848
1.365977
0.230198
-0.285799
0.721749
-0.968529
-0.336612
-1.628543
-1.087654
-0.238715
-0.769096
-1.155368
-0.332800
0.144624
0.470695
-1.316897
-0.176315
0.045822
0.729414
1.810327
-1.097900
0.607618
0.207608
-0.324821
-0.118194
1.639779
0.973840
1.655247
1.664074
0.723809
1.408114
0.577294
-0.431133
0.243468
-0.111392
-0.345532
1.011889
1.336439
0.272205
-0.468077
-0.988606
-0.209976
-0.424088
-0.008360
0.125632
-0.357162
0.414297
0.159685
-0.856177
1.788994
1.943429
0.741705
0.362666
-1.287210
-0.366321
-1.783531
-1.616364
-1.480896
-2.041603
-0.861891
-0.597203
-0.815033
-0.870713
-0.128304
-0.337692
1.381514
0.502007
-0.270117
0.511820
0.967741
-0.021203
-0.184834
0.046547
-1.692608
-1.632246
-1.789047
-1.387838
-1.076210
-1.716365
-0.422230
-1.094089
-0.297002
-0.505773
-0.369278
0.505876
0.903550
-1.045788
-0.663798
-0.414215
0.372027
-0.158859
0.420547
0.061810
0.546528
1.121734
1.813074
1.229675
0.403904
1.562577
2.630980
2.262167
1.025072
-0.736215
-0.467914
-0.090172
0.024937
0.973754
0.503625
-0.022505
-0.272406
0.590790
-0.422171
-0.585813
1.498195
1.224667
1.192715
0.307522
-2.006955
-0.730859
-1.247113
0.069156
0.602437
0.489973
0.714319
0.482206
-0.129303
-0.016927
-0.820067
0.141152
0.789798
-0.398541
-1.668413
-0.754381
1.689871
-1.118344
-1.221981
-1.337782
-0.990638
-1.683943
-0.156286
0.298680
0.646769
-0.559832
-1.592595
-1.896565
-0.197316
-0.647557
-2.087380
-0.275485
-2.426398
-1.603700
-2.464900
-1.496321
-1.791570
-0.443880
-1.588007
-0.916850
-1.228494
-0.094288
-1.616039
0.024242
0.189792
0.367395
1.171775
-0.680070
0.008162
-0.083212
0.312714
0.299005
-0.020717
0.823422
0.755068
-1.481622
0.155456
0.302263
-1.158221
-0.840969
-0.764269
-1.732134
-2.130993
-0.651792
-1.053023
-0.101111
1.536928
0.722687
-1.118893
-0.676998
0.136445
1.345547
1.520497
0.421320
-0.225373
-0.134466
-0.698263
0.502909
2.162062
0.805446
-0.157529
0.770838
0.396323
0.179644
-0.229546
0.233944
-0.314847
-0.842672
1.888358
2.411836
1.303293
1.803086
1.867497
0.972640
1.164177
0.628141
0.767041
-0.006696
0.014704
-0.038910
-0.489096
-0.332522
1.236984
1.222642
2.133824
0.860781
0.361036
1.458815
0.149283
-1.533688
0.640057
2.839374
-0.362093
0.564131
1.109028
0.029417
0.900310
0.751297
0.353384
1.277549
2.027181
-0.751949
-0.884488
0.139238
0.695578
2.254258
2.227663
0.641356
0.263172
0.253769
-0.342618
-0.691837
-0.980746
0.767605
0.075437
-0.389339
-2.537806
0.186895
1.348419
1.780999
-0.115972
-2.757096
-0.129673
0.735366
0.007155
-0.629935
-0.910029
-1.266580
-1.476709
-0.085304
-1.081713
-2.256082
-1.209084
-0.308740
-2.006826
-1.939011
-2.275994
-0.595722
-1.536138
-2.428260
-1.517103
-2.334767
-3.488151
-1.744371
-1.446368
-1.666437
-1.178287
-2.786874
-0.624525
-0.842253
-0.522733
0.051128
2.858326
-0.284814
-0.521683
-0.273664
1.615720
0.074897
-0.956294
-2.043605
-0.031967
0.705033
-0.437029
1.428388
-0.914045
-1.600701
0.279457
-0.490259
-2.955595
-1.365663
-0.065541
0.140548
2.357357
0.227333
-1.346776
1.467437
0.527798
1.215028
0.094201
0.211915
0.241753
0.691852
1.914526
1.185542
2.180247
0.801762
1.359350
2.643127
0.696963
0.993121
0.075780
0.214140
-1.072652
-0.894765
0.913117
0.103879
0.644839
1.428644
1.286873
1.895445
1.675552
0.158177
0.473313
0.184867
-0.572354
0.034125
-0.618399
-0.008383
-0.661812
0.182572
0.951011
0.149235
0.205433
-0.445446
-0.508069
-0.872569
-0.509346
1.130835
-0.531459
0.062128
0.832440
0.185924
1.874368
1.803825
1.382905
-0.845704
-0.437168
1.057881
-0.183870
0.004835
1.112587
1.487905
0.289929
0.638332
1.194541
-0.016415
0.209733
0.956933
1.414883
0.754362
-0.129486
-0.153714
-0.524415
0.379852
0.106119
-0.207828
0.455076
-0.644248
1.070415
0.098156
-0.582614
0.271344
0.258532
0.410772
-0.317172
-0.323840
-1.320368
0.042524
0.236727
0.798375
2.629434
1.066137
1.090614
1.677507
1.588538
1.986941
2.324479
0.803790
1.314634
1.619312
0.097946
0.351583
-1.361189
0.590909
0.469598
-0.619175
1.056933
-0.673182
0.003775
0.289602
-0.515832
0.721225
1.711145
0.270995
-0.157611
0.627183
0.939647
-0.520207
0.725895
0.303102
0.464548
0.767219
0.729350
1.545696
0.395225
-0.042119
-0.856053
-1.008467
-0.737829
-0.026288
-0.618211
-0.006627
0.477693
-0.642894
1.167280
0.007385
-1.088436
-1.096593
-0.931839
-0.409402
1.278463
0.164373
1.216872
2.204287
2.314323
0.560417
0.810115
2.217441
1.662337
-0.204781
0.933461
0.814488
0.363774
0.827639
-0.464841
0.340781
1.588773
-0.417599
0.468927
1.187120
0.797559
0.086918
-1.285954
-0.545205
0.522735
0.282212
-0.480707
0.273677
0.883463
1.249221
0.640438
1.656053
0.491481
4.288857
3.079573
10.573542
4.769452
1.169321
4.566040
0.114266
1.274305
-0.032135
1.233203
3.670717
1.252637
0.368513
2.082428
2.354723
-1.685285
-0.689683
-1.052200
-2.005719
0.444120
0.613196
-0.688585
-0.748479
0.805611
-0.070961
0.881687
1.918755
1.036918
4.008008
1.257246
0.496344
1.362078
1.307086
1.564207
0.689651
-0.592098
-0.602932
1.230732
0.764143
0.464034
1.283949
-1.784427
-0.153784
-0.229727
-1.525443
-0.374754
2.798943
4.931260
1.888145
2.358367
1.758245
2.577984
0.635697
1.572933
2.217531
0.935453
2.210727
0.243697
0.124917
-0.800117
0.838903
0.261454
0.711796
1.034155
1.385903
0.385421
2.350428
1.138223
1.205205
0.440465
-1.226516
-0.160008
-0.567330
-0.843886
0.092333
-1.561697
-2.583701
1.302496
2.344817
2.587302
1.248277
0.481287
4.954237
2.506923
1.495795
2.980362
0.885423
1.322447
2.423582
1.982233
1.700869
1.742280
0.003782
-1.479242
-1.263524
0.523839
-0.511800
1.503658
0.669215
-0.108809
0.459594
0.421360
1.086894
1.053118
-0.059494
-1.288440
-0.562690
-0.264163
-0.198113
1.185939
-0.637519
0.940938
0.416227
-1.484609
-1.456623
-0.514324
-0.390949
-0.521934
-1.219796
-0.524738
-1.560361
-0.131039
-1.008513
-1.063160
0.460332
-0.336832
-1.622489
-2.277876
-0.503153
-1.291978
0.926427
1.922645
0.225724
0.044200
0.256440
1.587441
1.323985
-0.099982
0.275158
-0.393290
-0.707664
0.254699
0.868258
1.725977
1.320780
-0.431926
0.351500
0.712392
0.051722
0.370376
-0.437526
-0.022663
0.717513
2.047903
0.232662
-0.490130
-1.449303
0.894632
0.668492
1.262960
0.983589
0.585008
-1.155062
-0.379422
0.312197
-1.168393
0.544954
0.689978
-0.053790
0.229238
-0.000742
-0.159619
-0.200071
0.960375
1.232060
0.631665
1.733886
0.300307
1.093686
0.292514
0.068918
-0.416776
0.418586
-0.992628
-0.524708
0.022445
0.949363
1.466170
-0.184577
-1.622621
-0.813766
0.321159
-0.848453
0.099365
2.147956
-0.727708
0.692714
-0.099313
0.219424
-0.516883
0.310126
-0.882073
0.036800
-1.335697
-0.781868
0.038522
0.357954
2.614334
0.807683
0.077765
1.909633
1.104428
3.195864
2.722930
0.014310
0.596732
1.254050
1.382544
2.066227
2.381310
1.500611
1.629055
0.784731
-0.133439
1.441724
1.391300
-0.005048
-0.039304
-0.358469
0.902480
0.170631
0.286647
-0.294043
1.124379
0.762888
0.685593
1.373536
-0.903356
-0.156320
-0.296345
1.819982
0.439142
0.647310
2.828289
0.956300
0.244908
0.158603
-0.923562
0.244348
0.871385
1.031726
-1.203545
0.672381
0.971759
0.971642
2.471500
2.445263
2.131182
1.998324
2.060457
1.672146
0.584106
2.304094
0.619888
0.094817
0.515784
0.565247
0.048762
0.377293
1.183268
-0.022063
1.736016
0.862850
0.952148
0.814097
0.393208
-0.021717
-0.180450
0.721772
0.899718
0.102753
-0.013302
-0.797880
0.042120
1.290374
0.670059
0.331139
0.629769
-0.082501
0.954212
1.485862
-0.697881
-0.317536
-1.159820
0.407758
0.347920
-1.052135
-1.407892
-1.351860
-0.608519
0.945957
1.266738
0.887499
0.158431
2.156758
-0.611299
0.430733
1.382972
1.392806
1.808926
0.120746
-0.230381
1.042590
1.513944
0.898087
0.147142
0.323098
0.604931
0.743521
0.415715
2.526775
1.704638
2.817910
1.611169
0.778566
0.325309
0.060590
1.624494
0.060430
-0.266619
0.924283
-0.100397
0.302604
-0.231193
0.484132
1.377990
1.507787
4.003689
1.155483
-0.601524
0.841744
-0.299201
-0.130287
-0.006297
0.249353
0.518421
-0.540418
1.149423
0.404699
1.649907
0.787690
-0.130611
-0.825504
-0.108853
0.392712
0.239587
-0.056652
-0.488427
-0.555752
-0.662133
-0.716873
0.521708
1.121323
0.376029
0.706536
-1.042035
0.156941
-0.368315
-0.736731
-0.622298
1.807546
1.362015
1.453708
1.513830
0.471162
-0.339244
0.232703
-0.243916
1.140903
0.134800
0.031858
2.044759
1.325050
0.951655
0.640055
1.428351
0.283466
0.008010
0.487401
0.987075
0.098952
1.125305
1.261872
0.551087
0.906125
-1.113690
0.687914
1.367560
2.318682
1.403885
0.566240
1.252714
1.869120
0.877209
-0.944685
0.187164
-0.411200
0.638783
0.752752
1.034571
0.100720
-1.640730
-0.051256
-0.780951
1.381252
0.806103
0.513131
1.473358
0.592094
1.748864
0.047387
0.839763
0.574441
0.407456
2.891390
2.100920
0.568580
0.473710
1.065218
2.439777
1.170641
-0.595283
0.335016
-0.185925
1.091296
0.102717
0.278230
1.064172
-0.122304
-0.933910
-0.184920
0.452856
1.777040
-0.684139
0.054902
-0.529150
-0.444323
-1.357139
-1.646825
-0.365667
0.076867
-1.345591
-0.431103
0.073303
0.262803
0.061386
0.631590
0.128278
0.605799
-0.128643
1.571603
1.825992
0.064739
0.161247
0.877553
0.596540
0.950978
2.069400
0.629693
0.013878
1.428895
0.837521
-0.351410
-0.693392
0.333979
-0.721047
-1.453963
-0.212598
-0.313836
-1.198636
-0.083963
-0.004541
-1.409378
-1.550835
-1.412179
-1.909616
-2.122547
-1.757426
-2.167414
-1.736014
-1.219918
-1.832860
-1.813315
-0.664075
-2.678877
-2.403129
-2.859442
-1.455684
-1.450263
-2.938142
-2.175508
-2.604016
-1.783316
-1.675443
-0.825931
-0.519712
-0.359961
-0.482742
-2.471273
0.020923
-0.303318
-1.979769
-1.188592
-2.961206
-0.580289
-2.345522
0.020183
-2.480775
-4.108590
-0.590289
-2.354029
-0.549262
-4.158089
-3.000320
-3.407627
-1.557267
-3.381595
-0.068840
-0.269170
-1.292703
-2.374925
0.340361
5.471326
2.596522
0.952771
0.968215
0.590700
0.383991
-0.974470
-0.092987
-0.477744
-1.392804
0.649368
1.245685
0.054487
0.289719
-0.048684
0.834250
0.320143
0.138902
-0.589647
1.575237
0.289334
-1.300550
0.905170
0.800048
-0.499954
0.016667
0.701865
0.852834
-0.892486
-1.289570
-0.181110
1.043588
0.942345
0.259856
-1.295766
0.841727
-0.537863
-0.030335
0.749815
0.157632
-0.339580
-0.055454
4.298061
0.656068
-0.157541
1.508793
1.115886
1.982084
0.640688
-0.411181
1.813328
8.633034
2.496070
1.212160
1.116553
1.267365
5.379836
1.502281
1.509807
1.331384
1.269592
2.476315
0.358315
2.187249
2.682770
6.481029
1.855611
1.577276
1.204697
-0.608224
1.585215
1.084769
1.199316
0.586564
1.677223
1.974216
0.999251
0.010720
0.807503
1.287963
0.378763
-0.426401
-0.399282
0.867768
2.369906
1.597501
0.869444
1.205372
-0.851603
-0.231399
3.289890
0.907327
-0.693601
1.778498
0.639967
-0.342983
-1.550619
0.040630
0.726510
0.912835
2.156096
2.090690
2.162179
3.313019
1.700743
1.847894
1.270529
2.396606
0.680216
1.171057
1.179181
0.148729
-0.108088
0.951695
1.485138
0.864246
0.524059
1.005707
-1.322272
0.090812
-0.164248
0.191893
0.390876
-0.055757
2.022627
1.009029
0.737465
-0.019107
-0.217096
0.191165
2.350565
2.565446
0.890288
-0.334752
-0.355781
-0.009889
0.564974
2.258820
2.278061
0.521178
-0.124118
-1.437081
-0.279197
-0.489224
1.807606
1.831820
0.271950
0.280848
-0.037454
-0.857817
-1.002638
0.206448
0.388953
1.409315
-0.040239
-1.565170
-0.107777
-0.972972
-0.308257
-0.338838
-0.560436
-2.170707
-0.167577
-1.064014
-1.509691
-0.220136
0.040280
1.534602
1.300616
1.054257
0.897630
1.857512
0.637945
-0.220758
-0.928580
-0.464607
0.965292
1.208759
1.083720
0.708866
-1.523286
-1.031709
-0.794423
0.130767
-0.757399
-0.650052
-1.019383
-1.373147
-1.325653
-1.397937
0.206287
2.209885
2.788485
2.215745
-0.530984
-0.033157
-1.116524
-1.580817
-0.323630
-0.582298
-1.768775
-0.453690
-0.339410
-1.553381
1.481291
0.576534
0.301478
1.988592
-0.533644
-0.267162
-1.831266
-0.906040
-1.293238
-1.507535
-1.733700
-0.749068
-0.173717
-0.892400
0.198769
0.538959
2.460096
1.994898
-0.676901
1.184058
-0.602523
-0.309161
1.171999
0.704243
0.808097
-0.006877
0.853039
1.414115
0.324709
-3.156885
-0.667649
-1.857444
-0.520580
2.405245
-0.016467
0.368043
1.518224
-0.391548
-0.241771
-0.031507
-0.223321
-0.858548
0.628360
-1.876801
-0.237914
0.809532
-0.412528
1.101891
1.961800
4.095424
3.815320
9.180064
4.755282
1.373966
1.188564
0.116359
0.663084
0.257565
0.140577
2.409124
-0.009093
-0.647881
-0.992588
-2.040247
-0.999616
-1.301384
0.871042
1.054977
-1.243610
0.408550
0.424246
0.841734
0.651045
1.256343
1.708302
0.148536
-0.569489
0.214002
-0.533351
1.829131
5.290305
2.585824
2.376582
1.734235
0.912565
-1.345371
1.397207
1.396545
2.183000
1.136282
-0.183072
1.062989
0.500902
2.302752
0.814328
4.878921
9.818804
4.710792
2.827622
1.271357
-0.797596
1.350997
27.135818
10.855335
9.574550
5.731767
3.285095
10.377501
3.775930
0.895396
3.391202
11.653553
3.851738
1.543654
3.258321
0.784585
2.659532
0.900434
-0.147976
-1.167708
0.802008
0.347566
-0.629452
0.853833
3.435966
1.826297
1.954543
2.235785
1.927933
5.474307
-0.115979
0.211443
-0.432482
-0.640787
4.382162
2.388177
0.015940
-1.571215
3.257242
-0.978193
2.420082
8.203269
-0.942644
-0.605699
0.480265
-0.725787
-1.576921
-0.875524
-3.084535
-0.818336
1.021211
-1.335736
-2.297005
-0.585379
0.436225
1.661524
3.882461
0.409147
-1.151635
0.339449
1.350795
-0.310418
-0.751652
-0.651732
0.881635
1.865170
0.129481
-0.205775
-0.652234
-0.055780
-0.689690
-0.672385
-0.393669
-1.484498
5.733904
0.255391
0.477734
0.966063
-0.563499
0.264003
-0.840080
0.629267
-1.831186
0.078861
1.045991
-0.464595
-1.141433
-0.931517
0.480040
0.418467
1.799042
0.649256
0.881460
1.658399
3.004473
1.426893
0.005808
1.451110
0.728888
0.550065
-0.450595
-0.863235
0.921499
0.265563
0.176646
0.211147
2.052027
4.152140
-0.227623
2.231172
2.210489
3.671093
8.814024
2.704073
-1.448877
0.742901
2.041582
1.785683
2.491968
1.308915
1.184300
5.549544
-0.109813
-0.255279
0.607972
0.077534
0.896894
0.161679
-0.199362
-0.216572
-0.107719
-0.267891
-0.504790
-0.251989
-0.349234
1.768790
0.783070
0.173221
0.333028
0.709294
0.835815
-0.806553
0.105329
0.190299
1.124883
1.545816
-1.371545
-1.109625
2.198934
0.129776
0.108417
0.253882
0.896888
1.554162
0.688429
1.029600
1.527095
0.412428
1.634693
-0.482211
0.572632
1.652838
0.432456
1.207809
0.573765
-0.402566
1.913571
0.769889
-2.513989
-0.262190
1.447050
2.132746
0.949347
-0.038731
1.501026
4.959144
1.964893
-0.191329
-0.957144
1.465307
0.940616
0.901105
-0.448148
-0.361445
0.853135
-0.619441
-0.442317
-0.175175
-0.114541
0.623334
0.738343
0.106511
-0.725405
0.264561
-1.929867
0.760854
-0.373776
-1.284016
0.161988
0.923537
0.149301
0.425632
1.176950
-0.302684
0.682342
-0.377147
0.086869
1.793275
-0.831868
0.158642
-0.403472
0.704202
-0.586973
-0.605253
-0.013653
0.551284
0.540283
-0.359391
-0.096314
-0.396443
0.492851
-0.115069
-0.380278
-0.777044
0.228837
-0.465382
-0.692615
-1.296088
0.081066
-1.091345
1.223651
0.297860
1.190640
1.800677
2.275186
1.379022
1.086913
1.676535
1.145496
0.716595
0.076275
0.747033
1.954363
1.593986
0.465276
0.185183
0.554108
0.538720
-0.920596
-0.800861
-0.107239
-1.635759
-2.625612
-0.175854
-0.665940
1.437656
1.270754
1.657180
1.062267
1.369663
0.374357
0.862994
-0.581609
0.084289
1.514577
1.330968
2.625668
0.545945
-0.892737
0.333023
1.169567
-0.069228
0.541593
0.676344
0.461778
0.210856
-0.756536
0.725334
1.009664
2.682608
0.224520
-0.847555
-0.622823
-0.263982
-1.030073
-1.329263
1.810880
3.841951
2.940054
-0.386980
-0.212993
1.599848
1.329528
0.331582
1.653538
0.875180
1.216747
1.690954
1.285381
-0.160709
1.300973
2.003213
1.086027
-0.787979
-0.011495
0.065112
-0.304840
-1.703293
-0.562592
1.477454
1.926043
0.873652
1.408681
1.414464
0.872275
2.879430
1.492041
0.644193
1.961119
5.482496
1.112373
3.200854
3.613822
5.283600
5.961063
11.794233
4.986475
2.487468
1.896983
1.742569
-0.108122
1.071006
1.038075
1.219562
1.388352
0.036388
-0.226263
2.041155
2.299881
0.155145
0.446837
4.899935
1.643246
0.323838
1.036883
-0.020436
-0.486475
0.539371
0.938612
2.294207
1.150487
-0.360950
2.159260
3.237837
-1.597067
-2.327817
-0.116530
0.283007
0.920693
1.286359
0.292642
-0.215648
-0.200689
-0.128052
-0.243677
0.385635
0.648004
0.218324
-0.137863
-0.814531
0.887285
-0.417927
-0.478993
-0.403127
2.720643
0.148953
-1.054715
-0.363442
-1.428408
-0.204423
0.491361
1.038091
0.138531
0.212004
0.476680
1.043645
1.763692
1.742212
1.254018
-0.572929
-0.544890
1.445522
0.570969
2.292920
1.309490
1.009928
-0.042756
-0.025871
-2.291801
-1.303682
0.729683
0.880242
1.770303
-0.095912
1.431889
1.322020
0.848607
2.025653
1.434325
1.240357
1.348465
0.570502
0.466392
1.194259
1.479378
0.332382
1.703493
1.380423
0.998912
0.898460
-0.832008
-1.132723
0.064238
-1.173655
-1.533638
-2.062634
-0.184072
1.186805
2.741808
0.661660
0.116746
1.800952
2.430641
5.215273
1.697538
-0.432103
1.253624
1.978547
0.040172
-1.119693
0.978099
-0.327983
-0.206052
-0.290322
0.072818
1.104167
1.428672
0.226605
-0.235646
-0.896448
-1.082558
-0.564605
-0.765901
-1.764850
-0.208096
0.440373
-0.347417
-0.837236
-0.114004
-1.227909
-0.525963
0.566540
-0.339734
0.356477
0.755957
0.772465
1.278783
0.199936
0.201820
1.361923
1.372234
1.310652
-0.728137
0.745233
2.130148
-1.465078
-0.502379
-1.274999
-2.721026
-1.546975
-1.092539
-2.031780
-0.977982
-0.294874
-1.499907
-0.625600
-2.122593
-0.989773
-1.172070
-1.044367
-0.082734
-0.059310
0.751489
-0.421921
1.231963
1.735142
0.654050
1.186339
1.114394
0.708381
-0.281909
0.480290
-0.795764
-1.608653
-1.142673
-1.627893
-1.274150
-0.918204
-0.422450
-0.868597
0.517168
-0.647955
-1.649646
-1.099444
-0.776281
-0.887422
-0.562444
-1.337788
-0.391117
0.748607
0.765110
0.685150
-0.363827
0.560231
-0.113078
0.445504
0.458908
0.632802
1.051919
-0.498994
0.004133
-0.322416
-1.300061
-0.080693
0.163684
0.418388
1.399193
1.007782
-0.340097
-0.399829
0.258319
1.025864
0.666180
1.448707
0.866413
2.082092
1.280454
-0.200836
0.535715
0.461278
0.462839
2.086014
0.949809
0.794732
0.733014
2.265394
1.225527
0.757577
2.402536
1.533591
0.771838
0.292382
1.039052
1.562594
1.097735
1.428741
-0.084448
0.469681
0.619335
0.184355
0.860457
1.016336
1.986020
1.978351
0.752147
1.333054
2.473933
0.536776
1.271529
0.675713
-1.708237
-0.028146
0.477387
-0.065989
1.077914
2.412649
2.553320
2.410067
2.573318
1.236899
1.713447
2.411833
0.013427
-0.861063
0.698469
1.240477
1.225984
-0.085382
1.663902
0.012052
0.874184
-0.488026
0.059380
-0.435498
0.193061
1.593566
1.135106
0.320307
0.201057
1.788301
1.905500
0.917903
2.072444
2.100030
0.881019
0.794269
2.445112
1.462312
1.019019
1.615540
0.046158
1.034284
1.525820
1.344278
1.324229
1.366770
-0.297759
1.380220
0.526084
-0.088407
0.620999
0.973411
-0.173339
1.297299
1.314055
1.467598
1.138553
2.032038
1.151928
0.163233
1.572009
-0.067453
0.220890
0.407955
0.962651
0.799621
-0.472292
1.512912
1.351034
0.511464
1.326592
2.035651
1.079907
1.381267
1.841947
0.941665
0.316042
-0.236063
-0.644629
-0.127070
-0.670864
-1.007016
0.761301
-0.134392
1.859893
0.152955
-0.492956
-0.611022
-0.933749
-0.586108
-0.234747
0.222433
-0.131025
-0.141369
0.706241
0.698199
1.802471
0.298420
1.715123
0.989854
0.345586
0.731160
-0.618328
0.753183
1.885140
1.392502
-0.249761
0.477107
1.626871
0.817266
0.828365
0.613036
1.594684
1.358072
-0.585586
1.103954
1.625827
1.011137
6.510631
13.404487
3.189695
5.334447
3.198420
-1.015978
2.225035
5.474293
1.141195
0.987909
0.727144
-0.015860
0.602058
2.319062
4.644838
2.151714
0.215797
-0.224576
2.077206
1.641843
0.264700
0.440821
1.099992
1.512244
2.302051
3.796461
6.180353
3.576687
2.788952
4.399361
2.790411
0.185286
0.220440
0.864891
1.006827
2.338388
0.530387
-0.998131
1.790472
1.014152
1.154693
1.807688
1.034034
1.456744
1.800889
0.113098
0.411427
0.282328
0.854771
0.382810
1.962015
1.954297
1.564159
2.789186
1.680568
2.642836
-0.892092
-3.205462
-1.528456
-1.413851
-0.605535
0.031290
2.098858
-0.122100
-0.882361
1.826885
3.427407
2.030933
0.201057
-0.122015
-0.487519
-0.352154
-0.333882
0.198439
-0.389561
0.926263
2.278539
1.761136
1.472489
0.811349
0.301285
-0.797776
-1.730574
0.019728
-1.919892
-0.943166
-0.575667
-1.197397
-1.183336
-0.921516
-0.879560
-0.027217
-1.371385
0.174450
1.575566
-1.647982
0.584683
0.166759
-2.015781
-3.110127
0.135455
0.625749
-1.221290
-0.469944
-1.081446
1.274379
4.802251
2.370615
0.969187
-0.939547
0.444666
-0.418872
-1.346882
-1.065880
1.016158
0.549342
-1.212010
-0.023720
-1.191241
-0.583163
0.971507
-0.815569
-0.201614
0.227644
-0.226666
-0.778359
0.889986
0.424219
4.058572
11.826032
4.930458
2.630840
2.958547
1.670607
3.233961
0.744189
-1.251372
0.247085
3.033099
2.930994
1.702851
1.334851
0.575488
0.798451
0.546479
-0.309041
4.528476
0.620676
3.729857
9.515909
2.640263
2.733364
4.959160
8.439310
11.146152
25.709425
3.767064
-1.008580
5.194643
9.763841
9.880018
4.815220
4.533660
0.239417
5.098934
2.023779
-1.708482
-0.169710
0.524478
0.359445
-1.330710
-0.821641
-0.678692
0.981286
2.710752
4.596668
2.647868
1.679503
5.796646
2.083931
2.086922
1.895215
2.403539
3.261099
1.595128
-0.482557
2.228821
2.971318
1.000549
2.038890
1.682257
0.388921
1.341350
0.689700
-0.056631
0.150273
-0.203806
0.371720
-0.776399
-0.209416
1.769360
1.613750
0.443236
0.849785
0.695764
1.357657
1.706468
2.281662
0.407283
-0.473830
0.959307
1.255705
0.931423
3.517918
4.248409
1.059774
1.894099
1.967799
-0.058173
0.350255
-1.357896
-1.340655
-0.964735
0.664763
0.385482
2.268629
9.109920
3.618007
0.825646
4.167048
1.857125
2.157290
1.376213
0.484389
3.960638
2.748616
2.865829
3.279559
1.622900
1.955588
6.292146
3.449457
2.580034
2.963014
1.178538
0.653524
0.335342
0.659542
0.932279
1.629859
0.772008
-0.480100
-0.400863
0.330568
1.231817
1.128332
-0.044963
0.295703
0.464100
1.398580
0.488133
1.520384
1.231834
2.001993
2.403773
-0.214638
2.681138
5.562216
1.380895
0.714791
1.062356
0.080862
0.229677
-1.512219
-1.834619
1.054373
0.957003
0.137065
0.131124
-0.905975
0.291981
0.896677
0.189117
0.358746
0.785942
0.629508
0.828488
0.776370
2.894722
2.088702
1.168995
0.972951
1.643590
1.464416
1.089512
0.267207
-0.089469
-0.350902
1.188877
-0.645001
-0.953719
0.429761
0.009248
0.547555
1.625063
-0.156812
-0.467905
1.039890
0.768849
0.638883
2.137961
1.224413
0.734408
1.665838
1.627129
1.571686
0.968997
0.456094
1.499745
1.833040
0.343265
1.520794
-0.468171
-0.898077
0.146329
0.194029
-1.042078
-0.821520
0.691255
-0.051704
1.109724
-0.707565
-1.466199
0.823441
-1.279257
0.066049
0.121534
0.105262
-0.353602
1.534517
2.236529
-0.058832
1.664542
-1.208383
-1.167397
-2.268187
0.227696
0.160665
-0.108538
-1.005548
-1.237801
0.463737
-0.494996
0.173463
-0.479079
-0.096317
1.098331
0.070840
-0.981489
0.043113
1.699473
0.634486
1.910105
0.822901
-0.199110
-1.286492
-0.039880
0.802271
1.237801
-0.309772
-0.231009
-0.203810
-2.048317
0.609541
2.125015
2.361271
1.155570
-0.102378
0.350524
-0.022614
1.797649
0.047616
-2.519223
0.788859
-1.216716
-0.794060
-0.489264
-0.793320
1.512422
2.592397
0.664837
-1.551692
1.001814
4.126105
2.731345
-0.378623
1.603507
2.621731
1.178590
1.753703
0.513803
0.040153
0.564342
2.631563
2.404119
0.312385
1.576628
1.868822
0.143855
0.007746
-0.551848
0.689781
0.696059
-0.017320
1.790261
1.329511
1.282693
1.333611
2.111122
0.118333
0.852942
0.985071
0.734143
2.776005
0.526503
1.899443
1.527925
1.362477
1.097601
0.900555
1.615179
0.224403
1.214399
0.313083
1.018037
0.408692
-0.752402
-1.674422
-0.132947
0.095777
0.495079
-2.086270
-1.054563
0.535112
0.388933
0.663772
-1.025440
0.032439
-0.879534
2.030326
5.618024
2.997432
0.745536
-0.539041
-1.261052
0.459270
1.143748
1.106460
0.500041
0.369164
1.714215
0.847905
1.720752
2.070722
2.101221
1.707666
2.922232
1.345762
1.668306
2.286436
3.551981
2.461007
2.061274
3.670168
0.467120
1.080519
3.479500
2.267712
11.092946
5.572044
1.638483
1.657053
1.169429
1.818027
1.325680
0.411453
2.353600
2.039734
1.193513
1.049255
-2.007039
-0.227467
0.740893
0.566923
0.369044
-1.730890
-0.040425
-1.070478
-0.835040
-0.566797
-1.256001
-0.039627
1.127080
-0.792492
-1.070644
0.558976
-0.023588
0.814650
2.741995
1.351321
3.519447
4.920412
3.744539
1.880958
11.545394
4.243058
-0.669827
0.485515
1.537292
3.469838
0.096294
2.661651
1.395176
-0.442081
2.889444
1.052692
1.196190
4.898628
2.175483
0.155356
1.874200
2.020307
1.371927
2.484578
2.453326
4.130788
0.648415
0.610522
0.135994
1.401904
1.354821
0.047032
2.170176
2.825435
1.742981
2.030930
3.835576
2.565147
0.848280
0.652712
1.186639
-0.621675
0.077281
1.353243
1.572947
2.015699
1.872134
1.384235
1.767548
3.266512
0.547992
0.944300
2.652635
3.321772
1.081450
1.270271
2.387007
1.513191
4.877544
1.860814
0.360838
1.116331
1.359106
1.090491
0.225356
0.457609
-0.933389
-0.421309
0.775163
1.270235
0.102253
-0.250952
1.179256
-0.592345
-1.543318
-0.538599
0.389565
-1.188001
-0.217290
1.179292
1.634543
0.543444
-0.594870
0.398202
0.836684
1.148596
1.332888
0.625340
0.903501
1.858111
2.250856
1.584545
0.608651
1.364945
0.956465
0.064928
0.253987
0.293810
0.656013
1.459828
4.358761
0.403892
-0.857033
0.618418
1.592787
-0.471331
-0.285229
0.122870
1.546146
1.337664
-0.115925
0.389690
1.002715
0.020903
-0.359431
0.410065
0.960524
1.762885
0.417787
-0.104068
1.118324
1.156367
0.810180
2.025409
1.488146
0.501517
0.257834
-0.532794
0.304510
1.067464
0.803269
0.472363
0.480956
0.962750
0.528114
0.776490
0.320797
1.565527
0.961122
0.944168
1.410055
1.424962
-0.252873
0.159886
1.293204
0.316598
-0.808150
0.177114
-0.082368
-1.073120
-0.081597
0.212859
-0.183092
0.573917
0.368809
0.365623
0.402136
-0.233549
-0.583389
-0.732024
0.290620
0.266932
-1.324075
0.157145
-0.927959
0.337862
0.544043
0.620595
0.995080
1.480784
3.011348
0.758741
1.738720
-0.025760
0.422274
0.911156
-0.265549
0.448136
0.759578
1.692250
0.616487
1.909687
0.492538
-0.008332
0.496212
1.038102
1.762136
5.062283
1.344820
2.134997
1.135647
-1.313618
0.027817
0.588688
-1.134142
-1.689890
-0.604841
0.813587
-0.400481
0.533741
1.508282
0.892806
-0.723042
1.818983
0.149980
1.444783
0.292544
-1.226682
0.625223
-0.621738
-0.779191
-1.512251
-0.376103
-0.965532
0.320971
0.857388
-0.426331
-0.403012
0.718391
0.242698
1.210756
1.937140
0.106657
1.567474
1.554945
0.999803
1.066428
0.191102
-0.066071
0.518908
-0.694906
-0.313963
1.368753
2.191751
3.087594
1.589173
1.920057
1.865370
1.467091
1.058021
0.913679
0.669076
2.036725
1.453006
-0.957187
0.104646
-0.464038
0.180722
0.149120
0.249547
1.982803
0.393424
1.126085
0.148592
-0.656796
0.057474
0.893981
0.834299
1.297746
1.273652
0.998082
1.498879
0.428141
-0.213967
-0.125537
-0.348031
-1.129952
-0.084073
0.467500
1.638401
1.572416
1.311835
1.859280
1.072985
1.961678
0.897236
1.674786
1.634206
1.324663
1.132383
1.545568
0.496891
-0.100185
0.135414
0.575007
-0.325003
1.935659
0.438077
1.299879
3.772019
1.043179
1.465485
1.191340
1.918931
1.879033
-0.015836
0.109068
0.257007
-1.102242
0.428613
2.490948
2.183198
0.125964
1.185876
0.679791
-0.944568
-1.760939
-0.602675
0.655822
0.791990
0.015246
-0.407691
-0.997677
0.513007
0.422318
-1.018836
-0.225907
-1.324533
-0.327545
-2.709056
-2.022897
-1.921687
-1.820412
-0.673036
-0.572409
-1.817958
-1.060712
0.481423
1.060377
1.079349
-0.712257
0.195071
-0.804485
-1.096355
1.065362
-0.429856
-2.316621
0.056370
-0.645649
-1.327109
-3.023109
-1.631413
0.459438
0.630309
0.410889
0.076731
0.308348
-0.190276
-0.760225
0.398989
0.009102
0.997071
1.730081
0.622488
2.094209
1.956989
1.611739
1.607742
-0.311709
0.902895
1.087827
-0.321186
0.062866
0.514972
0.595423
0.438834
0.271098
0.075973
-1.225286
-2.848390
-0.246605
1.050800
0.843027
0.899526
1.546114
2.753975
0.082448
1.375852
0.442385
-1.833212
-1.588860
-0.232782
0.190382
0.181934
2.025723
1.130267
1.750089
3.342068
1.673394
1.961909
2.109882
0.141580
1.542951
0.876019
0.994228
0.741649
1.660974
0.506150
1.584901
1.641399
-0.010284
-0.654933
1.282462
0.971556
0.045817
-0.635805
-1.215468
1.295971
2.314957
1.795253
3.612526
1.567647
2.086088
1.802022
0.752447
1.618252
0.325313
-0.247164
0.390267
2.236682
0.652342
1.819888
1.867088
1.435059
0.717670
0.412369
1.056969
1.309208
-0.129464
0.536005
4.907064
1.526919
1.863644
1.319994
-1.740888
0.271318
0.706711
0.375948
-0.356346
-0.629117
0.324430
-0.699199
-0.216660
1.063426
0.990365
0.306297
-0.347390
1.646045
0.332735
1.821284
2.450759
1.492029
2.058116
1.879129
0.518380
-0.108892
-0.096270
0.802697
0.218188
2.391904
2.664452
1.800265
3.007690
2.630385
2.316388
2.138793
1.804453
0.831776
0.288959
1.348502
0.695760
-0.332819
0.604446
-0.416186
0.388683
0.806169
1.129685
1.372868
2.097161
1.410175
0.598875
1.002787
1.268467
0.957917
0.059419
-0.301585
0.294102
-1.263645
0.875311
-0.013531
-0.233312
1.429469
0.663432
0.662834
0.976063
1.711221
0.154304
0.199169
0.671498
0.248857
1.387758
-0.742989
-1.279405
-0.007529
1.670253
0.387379
1.103327
3.164926
1.367406
0.227835
1.658514
1.941717
0.384024
0.087194
0.523067
0.101201
1.276253
2.415077
-0.093412
0.635463
1.210336
-0.592511
0.113774
-0.373008
1.015042
-1.136846
2.180552
4.813850
0.932525
2.478140
3.152843
4.347096
0.905966
-0.535281
1.333820
1.090595
-1.197099
-0.265797
0.185222
3.801172
11.812534
6.072084
5.017220
1.367162
-0.035525
-0.055689
0.680374
0.965530
0.774914
0.373725
2.046237
0.732209
1.362341
4.018636
-0.762295
0.706263
0.680145
-0.385473
1.656802
1.048682
-0.371589
0.296500
2.408948
2.752660
3.270406
3.486057
3.370279
-0.363368
-0.865051
-2.121797
-1.632107
1.380961
1.402970
1.013304
1.040350
4.608868
2.092153
1.431546
-1.006678
-1.987209
0.889354
-1.213269
-1.087316
-1.301526
-1.103995
1.157897
1.158759
1.517220
3.599684
2.896823
1.767315
1.176463
-0.498376
0.364048
-0.878530
4.606330
0.645196
1.780295
2.146268
4.519145
10.269158
4.922049
1.732321
1.936384
1.442464
2.282026
1.148330
2.598559
1.773282
1.960319
12.758969
25.552950
5.382135
7.777883
3.951775
0.859657
7.367336
9.980664
4.657482
11.809427
3.778429
5.297682
3.747928
1.243447
3.537941
0.223960
1.985787
3.691336
-2.116386
-1.162758
-1.267755
-0.331358
1.379981
0.139018
2.722304
5.888733
-0.185162
0.048339
2.764595
0.569561
6.059076
9.646592
1.648080
2.528351
4.101162
0.731263
3.869299
3.605938
3.522573
3.920610
11.780690
7.982578
6.553996
2.664794
3.217806
0.461632
0.125367
4.874568
5.855867
4.427776
3.706391
2.969493
5.453764
12.295461
6.921926
2.725896
12.842627
27.305426
12.024986
5.216021
6.297043
1.887497
5.068175
11.197714
4.592364
2.379288
3.411095
13.004765
3.478773
14.795082
28.518610
16.085328
30.346908
16.462581
75.083409
32.828731
29.578314
16.156427
9.498524
6.051029
2.821007
12.530362
28.585013
12.732330
7.965522
3.663848
5.134106
10.545954
4.325452
2.728707
3.915421
4.753441
2.809257
3.617351
10.831642
2.892910
-0.476845
3.804900
4.066057
0.804335
4.166105
1.654069
12.575902
6.475250
5.066597
3.348836
-0.415401
0.460375
1.483014
0.881159
2.228570
0.583773
11.344923
26.573523
11.545097
2.172028
12.394880
5.537653
3.361175
4.910570
0.598670
1.633342
2.634014
1.146092
8.610986
3.450466
1.470874
3.064175
2.948001
0.441975
0.787759
10.107336
4.528695
-0.527570
-0.817798
1.802847
0.668974
2.687598
1.858610
1.481142
0.087802
0.313098
0.796213
0.609740
0.506068
1.928722
1.735057
-2.340368
0.084925
-0.951097
0.500109
2.580199
2.235916
0.485825
-1.695477
-4.009614
-2.152510
0.496114
0.255004
0.736297
3.287723
1.542505
0.721654
0.672725
3.696406
1.029136
9.596627
4.313148
6.925065
4.575892
1.791470
2.756718
26.626523
11.071599
3.873933
10.623983
2.721856
2.303611
2.338401
0.467931
9.372705
4.310832
2.355764
0.706706
-0.824257
0.205364
0.361963
0.327502
3.537740
1.465019
1.411802
2.148264
2.297176
3.838236
2.088279
1.196330
3.010166
1.873211
0.442397
4.017085
1.917140
1.639971
0.245873
2.579142
3.252993
2.380158
2.046197
2.769298
2.209182
5.008759
1.752947
-0.481179
2.601107
1.656548
-0.505793
0.307913
0.437079
3.397165
4.922675
9.969376
3.495177
5.166891
2.366083
0.509032
1.411516
-0.337086
0.914986
0.763154
1.041025
-0.091442
2.154299
0.679054
2.955539
3.298214
3.488099
1.135135
1.733317
0.295537
2.427026
2.413506
2.512729
1.181930
1.922134
0.708409
1.374224
0.568017
0.235869
0.057164
2.059085
1.200284
2.437656
1.470417
2.708656
4.150348
1.490763
3.203795
0.668840
1.626502
3.547979
2.704483
0.534195
1.678143
1.260172
3.024670
6.415269
1.999239
0.892311
3.072880
6.364343
11.961215
5.450408
3.968638
3.804995
1.620140
2.034487
2.794514
0.069552
0.760500
0.933362
0.690001
3.711548
0.921389
1.323199
2.250945
1.332937
1.393907
4.209065
2.402925
1.828664
1.528836
1.979198
2.144370
1.526014
1.538507
0.336038
0.235804
3.207470
2.817525
2.932980
2.329058
3.723397
2.775429
1.262418
-0.188985
1.067169
1.426475
2.242739
1.393192
0.839683
1.193553
0.902998
1.346577
0.040037
-2.337563
0.252807
0.092572
-0.734347
0.716087
1.134108
1.299286
-0.456472
1.555824
2.898669
6.165615
-2.151526
-1.565909
-1.034357
0.838134
0.891914
1.057379
1.504340
-0.344638
-1.558216
1.104042
0.306347
1.102456
0.444996
-1.105706
-0.016641
2.025528
1.660169
0.933526
1.941054
1.815328
-0.288513
-1.005169
0.506415
-0.408806
0.119143
1.187723
1.129567
0.323339
12.230027
5.457742
2.550355
5.132885
2.078188
1.811504
5.764050
1.361838
0.915351
-0.855658
1.301492
4.747580
0.757233
-0.494148
1.384512
0.341949
-0.494252
-0.720703
0.348711
1.251853
0.455010
0.753475
3.181432
5.564794
1.458865
1.569915
-1.270387
-2.396506
0.427864
1.639340
0.398654
1.258684
0.660383
2.411615
0.962586
2.237441
1.663328
2.502896
0.542433
1.252818
-1.890770
-0.113323
0.696429
0.034551
-0.391688
-1.316425
0.286977
1.248434
1.023257
-0.428780
-0.078902
3.325754
0.871662
0.529546
1.812318
2.178585
0.918294
1.454831
2.804068
0.476429
0.613974
-1.153792
-0.538565
0.492432
3.556300
10.406918
28.477436
10.047099
-0.943933
3.777389
9.847219
3.358011
1.325831
3.311246
-2.535141
0.501872
9.557009
2.737330
1.836431
2.286997
5.952139
1.077240
0.382349
-1.067474
2.325102
1.739163
4.583112
10.676282
1.887368
2.372252
2.191605
4.054124
2.463259
2.061203
1.352125
3.080652
-2.684134
-1.206557
-0.101737
1.602896
2.229606
3.532720
3.200512
2.630106
-1.705254
-1.792085
-0.143032
1.012679
1.298970
-0.073980
-1.074229
1.679075
-0.165159
1.024859
2.950783
0.886769
1.741631
4.906973
5.115056
0.840052
-0.193003
1.454660
-0.506291
2.666028
10.407318
3.456371
-0.447792
4.715875
1.229438
-1.832709
1.652867
2.064665
0.194935
0.031781
1.071009
-0.402452
0.338085
-1.071101
-0.469034
-1.759947
-1.515753
-0.891986
1.468991
1.759089
1.151762
2.180393
2.931855
0.474757
1.384714
3.378020
0.933654
0.275237
1.257152
1.537046
1.403266
1.891452
0.180542
1.041652
2.131231
2.474004
2.077133
3.697341
0.113317
0.645936
-1.101860
-0.351332
0.700479
2.669901
0.957605
2.377484
2.618340
0.461766
0.354712
1.405584
-0.420656
-0.908830
3.905095
1.808328
3.602527
10.480608
5.089672
1.752730
2.742156
0.531916
-0.551669
1.345655
1.108522
0.818151
2.386749
0.460092
4.720135
2.496386
2.971723
4.416855
6.182817
11.039315
3.383768
4.795586
3.842498
1.918225
2.582714
1.703283
1.899671
1.704732
6.380422
4.352581
3.877110
3.792170
2.665100
2.118287
1.076347
2.134119
1.384836
1.975645
5.104438
0.938972
-0.603235
0.562629
0.034697
0.872979
2.649254
1.985296
-0.024970
1.545643
1.619532
0.223232
0.147826
0.162414
1.927540
0.391583
1.176501
1.765479
3.629746
2.485779
1.215256
2.457751
0.304244
0.539517
1.694842
1.133935
0.715226
0.384174
1.278703
1.218810
1.493292
0.264263
1.803408
0.079364
0.755385
0.743609
0.813094
0.963985
-0.779243
-0.382300
0.348553
1.134764
3.758708
5.614953
2.337765
2.894410
1.050322
-0.575905
0.085667
-0.557001
-1.043132
0.007903
-0.286573
0.903370
0.400462
2.012289
1.719880
-0.195501
0.499904
1.064208
1.807005
1.154077
0.844853
-0.172343
-0.222670
0.670176
1.045195
1.817241
0.247479
0.871671
1.559804
0.559634
1.073849
2.098871
0.585513
0.236369
2.204496
0.033531
0.706889
0.449998
-0.363015
-0.161782
0.071853
0.933796
0.024520
1.403543
0.726774
0.438740
1.746637
1.168431
0.468917
0.302265
-0.077074
0.310567
0.500500
0.739252
0.299605
0.347310
1.107371
0.483389
1.409901
0.049069
-0.031728
-0.385508
0.055232
0.415727
1.243475
2.042695
2.205946
1.793636
-0.063623
0.466641
0.248896
0.896410
1.398918
-0.746405
-0.973824
-0.677048
-1.782716
0.510394
0.845418
1.281637
0.609164
0.565677
1.903016
2.458001
1.270815
0.533267
1.174590
0.985883
0.120024
0.189228
-0.494078
-0.353587
-0.787883
0.326872
1.161977
0.070407
1.273164
1.574557
0.166966
-1.933837
-0.268331
0.465442
0.747728
0.082923
0.525369
0.043874
-0.126237
0.487326
0.543993
-0.804273
0.057919
-0.083646
0.866936
1.425912
0.239923
0.412439
0.064326
0.244666
1.599799
0.904540
1.158410
0.208013
0.078191
0.308309
0.233670
-1.185735
0.611174
1.689805
2.006677
2.429524
2.567244
0.401484
1.435431
1.254805
4.508062
2.929726
1.201622
-0.287300
0.332072
0.681925
2.946499
2.969913
1.487451
2.980008
0.610175
1.391853
-0.291805
0.690602
-0.037475
0.633302
1.470423
2.893781
1.573226
1.006361
1.446108
2.611934
0.209104
1.172061
-0.216062
-0.389441
0.231453
1.674335
1.441878
0.741250
-0.117954
0.807695
1.675025
1.553667
2.412844
0.702109
0.885504
0.344014
0.224023
-1.137662
0.781967
-0.032147
0.896579
1.989393
1.252072
0.333791
0.370253
1.611160
0.221775
-0.180008
-0.805605
-0.740464
0.579516
0.957050
-0.110964
-0.461411
-1.344630
-0.136898
1.084534
0.224874
-1.112156
-0.428961
0.202955
1.118244
-0.781424
0.803289
0.900530
1.994986
0.201595
0.183186
1.128718
1.183764
0.841493
-0.212496
-0.598195
1.803466
0.018656
0.207572
-0.372961
-0.839690
3.044379
1.339324
-0.345152
0.619222
0.727558
0.068757
0.195669
1.734961
1.512644
1.114402
0.061085
0.988076
-0.048608
1.015279
0.086727
1.084715
1.873735
-0.266016
1.135851
0.879512
1.031612
2.051581
0.776368
0.497159
0.629566
-0.956175
-1.559958
-0.529859
-0.174972
0.656734
-0.195792
-0.175106
0.407524
-0.911099
0.003465
0.421489
1.355650
2.084738
-0.104884
-0.322301
0.642835
0.642380
3.173507
4.310161
1.766516
1.448003
5.090379
4.676105
3.208673
2.237456
1.484438
4.550433
2.119680
0.261347
1.518507
3.167727
4.162477
10.727939
2.526042
-0.420840
0.567999
1.891402
1.074911
-0.124153
-0.979002
0.067053
2.018395
1.531497
-1.034985
-0.707612
0.813363
0.396831
3.687075
1.379581
-0.845887
-0.373765
-0.759305
0.232735
0.555092
1.805612
2.097289
-0.249099
0.827294
1.807806
0.233318
-1.411783
0.594053
0.520658
0.795107
0.126877
-0.419103
1.296957
0.298330
-0.008990
0.369663
0.397937
-0.096705
0.234132
1.170185
0.761235
2.474801
3.703359
0.952878
-0.062223
2.647594
1.277945
