-4.108010
-1.966533
0.393799
-1.253590
0.776747
3.947693
0.631773
0.363531
-0.665133
-0.713000
2.652751
0.798996
0.041915
-0.699970
0.967610
1.207971
1.679847
3.688832
3.108877
10.269232
2.852250
1.162068
0.182025
2.256833
4.535378
2.286918
-0.035193
-0.396072
-0.750242
0.475998
2.414403
0.302500
1.409213
-0.544986
0.295042
-0.682853
0.394389
0.788643
0.109919
2.226499
1.278223
2.162471
1.103108
1.660643
-0.825830
0.449632
3.397621
0.725928
-1.003307
0.960636
1.192222
0.002414
-1.167979
0.569186
-1.250678
0.824616
-0.054775
1.610638
-2.153769
-0.547760
0.179176
-0.431257
-0.502548
-0.764924
0.167449
1.443939
1.545724
0.158649
0.939746
0.536649
-0.731364
1.008416
0.579961
1.514494
-0.365389
0.998666
0.480562
1.005331
-0.160088
-1.114499
-1.067980
0.138599
-0.208661
-0.311622
-0.751944
-1.218612
0.387263
1.916195
-0.120825
-0.001113
-0.371186
-0.562073
-0.473784
0.453795
1.034629
0.757862
0.384654
0.045408
5.261445
2.956803
2.989309
0.581126
0.677580
0.419272
1.090053
1.104928
-0.195157
0.820981
0.489741
0.127895
-1.228530
0.117885
-0.424903
0.741622
3.119973
0.683445
-0.246826
-1.252144
-0.982681
-0.384882
0.609397
0.381155
-0.047853
-0.193401
0.437377
-0.069141
1.739891
0.289797
-0.754548
-0.715527
-0.911503
1.051805
-1.414865
0.600519
0.714038
-1.130443
-0.397459
0.183293
-2.086053
-1.792392
0.442268
0.849473
-0.587146
0.087447
1.357335
0.034950
-0.113236
0.549635
1.820481
0.392687
0.863063
-0.069142
-0.371587
0.706868
0.470489
1.396662
1.416478
-0.440959
0.930866
0.629341
-0.012571
0.547422
-0.595044
-0.532369
0.317492
-0.535361
-0.320030
-0.973289
-0.140644
0.226228
1.066094
0.010070
-2.939773
-0.279037
-0.809599
-0.912880
-0.854427
-0.826171
-1.146620
0.490723
2.842595
-0.110970
-0.767226
-0.067701
-1.539247
-2.091293
-1.493153
-1.505439
-0.981170
-1.340221
-0.893527
0.645232
-0.643902
-0.748755
-1.363809
-2.771445
-1.935844
-1.020988
1.544727
1.589257
1.137422
0.367057
-0.645434
-0.446084
0.667755
1.359800
0.257594
1.810128
0.564274
-0.230596
0.544859
0.795071
2.391254
1.709800
0.371526
-0.676684
0.150346
-1.093204
-0.727331
1.464131
0.631382
1.614675
0.362664
0.309449
1.385764
0.685356
0.773740
0.335708
0.209916
-0.298224
1.184774
0.477987
0.803622
0.164904
1.090623
1.830826
2.296204
2.966155
1.364379
1.429199
1.259334
1.038175
0.142745
1.284684
0.676861
0.186848
0.777288
1.241392
0.239574
0.817841
-0.287504
0.734326
0.851548
0.217687
2.161303
2.015223
1.015914
0.699092
-0.099809
0.474844
0.795514
0.477861
0.279373
0.404443
1.567968
3.172225
1.237780
0.966896
0.498146
1.665823
1.366945
0.024685
0.012736
0.676796
1.876695
2.271046
2.224939
0.399519
1.185176
-0.329585
1.020741
-0.140530
0.133953
-0.575629
-0.974173
-0.318655
-0.409642
1.163256
-0.103067
-0.884679
-0.140239
-1.347830
-0.410982
-0.666661
0.635809
-0.736807
0.062876
-0.133553
-1.451147
-1.041800
-1.981417
-0.400133
-1.270564
-0.261060
-1.446027
-0.583385
-2.691681
-0.209599
0.219631
-0.210664
1.007435
-0.087115
1.361443
0.993557
1.007844
0.391676
0.024678
0.120196
-1.447174
-0.238286
-0.420354
-0.244581
-0.042452
-0.294347
-0.166237
-0.131772
0.944180
0.536863
1.665488
1.885608
1.843879
1.309638
1.745069
2.111409
2.494382
1.572710
1.606794
2.025286
1.683690
2.428272
2.911697
2.311077
3.405204
2.235073
3.069260
1.364405
0.593320
0.033960
0.697456
1.185087
1.357975
2.878235
2.717892
0.693987
0.233217
-0.223403
0.575732
-0.098121
0.239468
1.023788
0.634785
0.922234
-0.086366
-0.488110
-0.712035
-0.733475
-0.718877
-1.021586
-0.633923
-0.684257
-0.395878
0.015551
0.070896
1.409657
0.077156
0.770505
0.987814
0.571920
0.476100
1.200595
1.464606
0.151472
0.338606
-0.405856
-0.420881
-0.121117
0.350655
0.516988
0.066281
0.153420
-0.491573
1.270140
-0.236685
-1.177333
-0.316803
-0.506361
-0.907847
-1.309528
0.115489
-1.386244
-0.200461
-0.072574
-2.026849
-1.276451
0.472797
-0.366020
0.758615
0.147633
-0.761239
-0.121201
-2.007206
-0.875338
2.352245
0.985327
0.716954
1.013497
3.791537
1.405663
0.256946
-0.064033
-1.764556
-1.653573
-2.685479
-1.278546
-0.863799
-0.929445
-0.133620
-0.824478
-1.117190
-1.010265
2.346940
0.882646
-0.721211
-0.356734
-2.508878
-0.568110
-0.436738
-1.083470
1.072044
0.221241
-0.807295
-0.610150
-0.887581
0.098725
1.640277
1.117065
0.550602
0.522722
-0.087723
1.426137
1.649611
3.334338
1.365862
0.726780
0.037040
-0.140828
-0.215528
0.939004
0.087261
-0.752008
-0.394263
0.107425
0.930104
2.477061
0.151172
0.143859
0.936726
0.229588
1.284005
2.160951
1.307259
-0.687494
0.363562
0.945502
-0.020235
-1.122312
0.338530
-1.063185
0.690850
0.016692
2.197422
2.004498
1.832100
2.709593
1.519219
2.056566
0.561691
1.509199
1.125269
-0.009909
-0.888538
1.013244
0.507761
2.011675
0.647092
0.141617
0.828288
-0.278801
1.548932
1.360832
0.438249
-0.653559
-0.868627
-0.094586
-2.169306
-0.825338
-1.339439
0.175516
-2.502430
-1.643830
1.270690
2.629373
26.281682
11.747869
11.094355
4.489698
8.096165
2.982088
2.985840
1.424345
0.248832
2.821479
1.665527
0.197567
2.027855
3.939652
5.579928
9.977545
5.731656
11.247455
4.921961
2.573307
0.531910
3.378245
2.450287
0.008136
-0.043680
0.371800
-1.937595
0.921708
1.205433
2.551890
4.137644
1.520600
3.067767
2.442784
0.988351
0.160419
1.380269
1.373393
1.656373
3.103838
0.733537
-2.279536
0.631911
-0.085923
0.704554
-0.683855
0.063926
-0.711560
-0.547901
4.228076
0.585829
1.726167
2.568039
1.201424
3.339967
8.793570
1.723285
0.848910
-0.129784
0.264490
2.177677
1.903434
0.994761
2.688193
0.460045
-0.409434
0.938776
-0.295962
0.878204
0.728286
0.061748
1.982399
3.874673
2.578154
1.918651
1.931587
2.144357
0.421163
-0.098772
0.674536
0.915445
2.119594
3.633471
4.802078
2.828845
5.102242
0.629249
-0.652911
0.350879
1.724553
0.063609
-0.531324
0.303108
-0.639645
0.135497
2.658131
1.796787
-0.432486
1.122180
0.931669
2.017318
1.065344
1.337994
0.189413
0.843779
0.580242
0.629744
0.807325
1.769749
-0.650938
0.999749
-0.582497
9.449372
5.382757
5.040648
1.035122
5.676109
2.295326
2.409820
1.027384
-0.517774
1.070374
0.391542
0.884421
-0.456049
-0.260705
3.207888
0.738424
4.249253
2.246125
0.175579
1.141052
-0.340431
0.587964
1.390177
1.640822
-0.246895
0.903103
1.317552
1.689773
-0.547485
0.320194
0.301638
0.456299
0.437041
-1.229974
-1.240766
-2.012249
0.452431
1.309604
0.208035
1.490516
0.266801
-0.243524
1.459614
1.644805
1.279992
0.602353
-0.529578
-0.393211
-0.508775
3.764718
1.521823
1.487565
0.038738
1.299095
-0.125140
0.234314
1.559309
0.255303
2.847235
0.747783
0.886746
1.202927
0.587378
1.616271
1.786028
3.678456
4.387591
3.389290
1.946493
1.981834
0.369596
2.270227
0.803432
0.268137
3.254117
5.589089
7.256183
12.862324
6.792621
3.379142
3.669974
4.089305
3.514437
2.505771
4.284936
5.590033
5.211886
3.412750
1.741672
1.533853
2.202243
-0.362856
1.379095
0.061901
0.563390
0.534202
1.714560
0.127435
1.376666
2.856940
2.756780
0.460491
1.170629
0.570472
0.600382
0.384880
0.248405
-0.492539
1.115439
1.939374
-0.430968
1.013361
0.050120
-1.538333
-1.392398
-0.131234
0.643533
0.344699
-1.376478
-2.123516
1.044257
-1.057006
-2.632034
-2.070628
-1.678270
-2.005658
-4.043768
-0.620330
-2.912310
-1.924905
-3.381274
-1.652072
-0.155667
-1.572463
-1.532551
-0.338336
-1.368344
-0.744467
0.071621
0.210522
0.329963
0.213259
-0.515455
0.641674
-1.878676
-2.988034
-1.914182
-0.951188
0.740790
1.092183
-0.943591
-1.383135
0.159660
-0.961137
0.332840
0.430826
-0.082049
0.214562
0.969018
-2.533324
-2.087867
-0.157991
-0.880846
-0.094322
0.684377
0.035636
-0.435203
-1.265659
-1.492228
-1.776316
-2.538461
-1.782879
-3.021204
-2.403469
-0.849283
0.198923
0.608479
0.742536
1.537918
2.728892
2.412466
2.182879
0.810456
2.749610
1.846927
1.905669
0.093544
-1.013905
0.926350
0.737712
1.110241
0.376191
1.160880
-0.768844
0.207492
0.231508
-1.605657
-0.314206
0.846244
0.878360
0.255626
-0.678557
0.033203
0.425350
-0.386752
-1.745785
-1.966422
-2.110515
-0.178080
0.674229
-0.678058
-0.187646
0.133273
-0.135550
0.403957
0.578450
-0.019228
-0.245186
2.424291
2.264840
0.556871
-0.700957
-0.376051
-0.257667
-0.536964
0.172390
-0.887215
-0.643715
-0.013552
-1.162270
-0.682639
0.088712
-0.838131
1.280912
0.691290
-0.373199
0.524288
0.472487
1.721528
1.984518
2.745915
2.628841
1.858018
0.050691
1.047831
2.474243
1.680724
1.024515
1.056044
1.800369
0.119849
1.202834
2.220003
2.805097
1.349256
5.625333
1.667643
1.067557
1.282001
0.415599
2.069145
2.937442
1.255009
-1.804467
-0.563081
0.369517
-0.851637
-1.581973
-0.176364
0.011045
-1.038026
-0.839039
-0.379900
0.640032
-0.014837
-0.067602
1.685892
0.208899
0.688857
-1.501879
-0.544340
-1.016115
0.302767
1.010106
1.507283
1.361057
1.420567
2.067532
1.891574
0.405919
1.454714
1.167627
2.335386
0.065146
0.085919
4.443182
-0.152435
2.478187
-0.268461
-1.733883
-0.255980
0.516064
1.393867
0.043856
0.782619
1.598944
2.717449
3.122729
1.933655
1.409177
1.679913
0.471577
-1.443906
0.921165
1.364187
2.241064
1.766862
1.401498
3.050866
0.431816
1.582913
-0.281867
-0.902607
1.279056
1.994534
1.517391
0.490301
-0.197055
-0.923141
0.589967
1.953447
0.671693
1.852065
2.869151
1.265939
-0.601439
1.682171
3.404844
1.763116
-0.679526
0.719526
1.121770
0.490674
-0.954987
1.411051
1.883075
1.889600
1.469339
3.399815
1.866158
1.032642
1.364202
0.813588
0.971169
1.215924
1.442447
0.176914
0.044966
-0.696394
1.825739
0.081908
-2.335457
-0.307739
-0.477280
-0.688522
0.230044
2.090108
0.795739
1.675984
-0.212011
3.770770
0.700149
0.146762
-1.186414
0.369101
1.225111
4.628066
1.943831
2.036562
2.982305
5.784235
3.598224
0.854026
2.038697
4.774155
0.180772
0.724363
-0.847514
4.227002
9.780588
2.653439
5.438505
0.933894
0.497439
1.440709
0.785789
1.869631
3.555170
1.467123
5.860948
1.931339
4.008549
2.171945
1.752122
9.328477
2.309541
2.513134
1.734434
7.965373
25.730189
10.199211
5.310870
6.617534
10.280207
0.941756
3.700585
1.305143
-0.921361
5.220360
4.178993
11.055070
4.373413
2.060786
4.410812
3.588852
3.184871
2.478705
0.341051
1.097446
2.269761
1.337113
2.254290
1.341328
-0.152988
-0.451618
-3.495207
0.109396
1.141493
3.799906
2.777016
1.766085
-1.048139
0.715081
-0.430732
-1.371894
0.728623
1.725680
1.622996
1.759799
0.131205
0.472361
3.545620
1.005054
0.549169
-0.745177
-0.164001
3.511979
1.909339
9.697959
6.250911
0.216745
-1.352852
1.774712
1.557482
1.618440
4.651405
2.889796
2.551708
1.262565
0.641288
0.779368
1.262616
0.929342
-0.645522
-0.158593
-1.248449
-3.393318
1.562885
1.726283
0.031514
8.900330
5.481446
2.255542
2.165346
0.478990
2.963896
1.272311
-1.832478
-1.102653
1.119235
2.948767
-1.266054
0.278535
1.747729
1.468742
1.876152
0.806010
2.239707
1.559080
0.816665
-0.883612
0.416440
-4.057655
-2.039910
-0.175590
0.136832
1.506384
2.835272
4.381399
2.559346
0.240665
1.318961
0.967520
-0.922403
-0.700371
1.436537
0.819923
2.399709
2.890475
3.300221
2.904070
3.910201
0.544904
0.985530
0.579766
2.159508
4.776158
4.176241
72.503166
32.189977
15.191347
33.160640
27.728019
13.220918
9.743485
6.888742
28.766294
12.968447
12.366968
6.635553
6.451149
5.289376
6.115882
11.537377
5.545698
11.640984
3.721740
2.906493
1.846372
3.592694
0.575811
2.492810
11.081909
8.014703
27.864586
11.974838
10.148934
4.892291
3.989406
3.804990
6.422157
6.743473
2.957092
4.657732
4.444216
3.695443
1.124220
2.855983
2.712013
4.647823
3.318584
3.707169
4.257899
11.782531
7.291481
4.458399
9.575781
5.158636
6.863692
5.791611
25.763565
10.194046
11.183764
7.507410
4.979139
3.607649
11.553794
5.099027
0.458509
0.511898
3.448589
2.531183
6.815616
2.552427
2.059355
-0.052421
6.496791
3.900964
10.545886
5.230268
1.855615
0.672840
-0.379857
2.726365
-2.386882
1.291479
-1.322218
1.328585
1.539546
1.754675
6.941385
5.145016
2.787359
2.253479
7.357476
12.754640
11.446995
6.041389
6.238445
4.675561
11.756682
27.101928
11.383303
3.328597
0.102660
-1.975141
0.516898
5.867682
3.875142
1.274797
1.954719
2.149837
2.520661
6.497586
2.006111
1.956828
2.397761
5.246994
3.153986
10.693837
2.919323
1.399352
4.110890
3.025811
0.190451
3.622296
2.020249
-2.923121
-0.604018
4.853363
-0.155566
3.216595
-0.291604
1.691512
2.148605
0.923316
2.735322
1.673482
11.433395
2.479708
0.516342
5.181537
0.491750
-0.110938
3.290774
-1.002292
0.927213
3.720769
1.532125
-1.856877
-0.223041
1.175314
3.990618
9.647838
26.340868
10.423524
5.716743
3.782037
10.164835
4.161573
4.544023
6.310529
1.124456
3.237441
2.279534
6.041924
6.602611
10.939719
2.666538
3.518721
3.305324
-0.601340
1.987218
2.450281
4.333024
9.595638
1.973520
0.813721
0.380873
-0.045094
1.789315
-0.611006
-2.448130
-0.030229
-0.662011
1.478042
0.453234
2.116435
4.530596
0.420839
0.616322
2.114531
2.760930
2.826491
6.334742
1.827481
0.455318
4.338114
3.627182
-0.625072
-1.020357
-1.262854
-1.694393
0.489778
2.229287
-0.900138
-1.485135
1.742393
0.143658
1.077712
1.139715
4.902881
0.897620
2.265901
1.394434
1.976920
1.462954
2.111262
2.498035
3.367317
-0.319304
0.774331
0.187007
-1.302611
3.628802
9.440278
3.947668
5.230578
1.253743
1.279086
3.444691
5.002130
1.919217
3.369223
3.231888
1.246046
0.981848
0.393767
1.865377
0.489087
-0.011462
-2.534114
0.908037
-0.497478
1.750965
2.314552
0.119769
-0.209064
1.380954
0.536609
1.776322
1.955049
0.227650
0.199962
1.083168
2.427387
1.601072
0.328473
2.756512
1.012185
0.310239
0.997233
0.816516
1.441683
4.548730
1.858986
3.077830
2.137641
1.617612
1.456863
1.379281
0.025092
-2.166614
-3.084379
0.978995
0.889641
-0.505399
-1.356951
-0.633198
0.088497
2.457521
0.596575
1.146311
-0.867697
-0.043457
-1.328947
0.979177
4.247349
1.199515
4.233057
0.879529
1.206171
3.145033
3.676431
3.080861
10.031182
0.148734
0.728043
0.168070
-1.402670
-0.279426
3.788438
1.321095
0.158178
1.186212
2.348628
0.889768
1.572088
1.723044
0.302836
-1.241889
1.550458
-0.292592
-0.773274
2.225505
0.796595
3.514959
2.787849
1.093507
1.139515
5.979760
4.073588
5.818365
4.167382
3.148951
0.306078
1.080161
2.500171
3.318114
3.108916
1.666868
2.196426
2.062073
-0.058153
2.672111
5.222703
1.552786
1.478774
-0.390465
1.307311
-0.224341
1.357048
1.446462
-2.018060
1.012245
-0.216804
-0.524198
0.227925
-0.848558
-0.330734
0.472110
1.135354
0.705830
-0.211204
-0.017373
-0.439897
0.605987
0.055680
2.122553
-0.024082
-0.481597
1.347006
2.549042
1.471193
-0.199274
-1.345231
-2.447919
0.602512
0.769511
-0.891044
-1.278704
-0.616414
0.371933
1.825166
-0.789221
0.790869
0.596058
-0.111335
0.482959
1.321801
1.314627
1.861550
1.140450
0.246371
1.787587
3.015686
2.181213
3.171335
0.586435
2.095882
1.324973
3.475616
3.115966
2.455324
3.441795
2.382510
2.069370
0.638089
3.523974
3.581020
5.418160
2.556162
4.785888
9.598100
1.886073
1.858013
1.723595
4.756915
3.430601
1.447254
0.967743
3.176261
11.192127
6.163059
3.560476
1.423449
4.260179
11.290289
27.601965
11.939117
3.643652
3.790378
5.418674
11.452378
3.390442
4.338216
4.015845
1.919402
2.107488
2.102022
4.736205
1.775641
11.189962
5.711177
4.143553
5.292264
5.487379
3.108758
2.759416
0.394276
-0.601707
-0.122291
1.444138
-0.017557
-0.414984
3.014911
4.606683
2.917575
2.228214
1.284694
1.954689
2.602383
1.463360
0.759172
-1.081828
0.267623
2.692911
1.856668
0.635921
1.732416
-0.080595
0.979913
0.726236
1.575890
-0.619591
-0.248591
-1.043271
-1.680176
0.640120
-1.524855
-2.550933
-1.146072
-0.072086
-0.205072
-0.383370
0.068219
1.550158
1.024350
1.675409
2.232365
0.830052
0.531340
1.893490
1.035215
2.436704
0.345463
0.605783
0.384221
0.432754
2.538384
1.672209
5.571306
6.124934
12.980237
5.095976
2.836845
0.498930
2.489641
1.879029
3.946988
0.642309
-0.304107
1.193455
0.568323
-1.866382
1.208460
1.580023
1.890669
0.139271
1.379555
0.647445
-1.348124
3.111816
2.566887
1.638339
0.142152
3.297541
0.375412
-0.288645
1.131361
-0.905438
2.413972
3.436487
0.450393
9.834635
4.097393
1.783141
3.673491
-2.020386
-0.924826
-0.842140
1.726247
-0.273423
1.520507
1.717323
0.938352
-0.341473
-3.293484
-0.591444
-1.435553
-2.209647
-0.567441
-2.078398
0.064880
-0.703952
-2.389515
0.132943
-0.169614
-0.743149
0.158735
-0.647835
-1.605421
-0.402874
-1.321866
0.536278
0.396797
0.292857
0.178626
1.164664
0.919468
2.062554
-0.302022
0.325954
-0.676979
-2.840877
-1.802683
-1.219065
0.028867
0.026234
-0.781693
-0.761203
-0.240738
0.421893
1.611795
-0.023923
-0.079275
-0.954827
0.911454
-1.238945
0.149541
-0.007098
-1.112746
-1.012663
-0.624974
-0.936461
1.557375
-0.136440
2.121535
2.019041
3.989447
1.307288
2.198969
2.726700
0.879161
0.559156
1.435704
0.360224
-0.137333
2.200194
1.451188
-0.190089
-1.560152
0.552815
2.516198
0.821513
1.100031
0.005127
2.623227
1.196066
0.490389
0.616504
-0.007496
0.541401
-1.220262
-0.046185
0.988558
2.171594
-0.002436
1.336407
1.434177
-1.124756
0.605871
0.626929
0.353128
0.907750
-0.011947
1.251214
1.664643
0.716803
-0.145229
0.850862
-0.577622
-0.367224
-0.302245
-1.804960
-2.371491
-2.277467
-1.093806
-0.093899
-2.360864
-1.086530
-0.496134
0.405819
0.502049
-2.109658
-0.761772
-0.475444
-1.675725
-2.990409
-2.449494
-0.820170
-3.628473
-2.318784
-0.159690
-0.927631
-0.056107
-1.007890
-0.099563
-0.325083
0.535643
0.138825
0.617764
2.179352
-0.270790
1.365016
0.908664
0.780878
0.892189
-0.368098
-0.570257
0.640746
2.367408
0.191848
0.173736
-1.286584
0.610785
0.812337
0.236123
-0.353442
-1.246127
-0.283550
0.040507
-0.776287
-0.482294
0.437296
-0.194642
0.114081
-1.356747
-0.833895
-1.011326
-1.538931
-1.296292
0.672340
-0.751973
0.317367
0.957368
-2.084504
-0.753591
-0.907024
-1.218912
-2.374786
-1.625931
-2.652323
-1.974313
-0.968172
0.961909
1.543694
0.972873
-0.331378
-0.020216
-0.551127
-0.534201
0.354850
1.790781
1.673009
0.787568
0.498235
-1.067096
0.094614
1.366016
3.096390
2.318055
-0.133892
1.607876
1.587580
1.126456
-0.109874
0.815266
3.107314
1.289054
0.532470
1.469196
0.608509
1.904233
0.635598
0.281337
1.181672
0.942572
-0.325844
-0.587685
2.531731
-0.043013
0.924678
1.201587
-2.423009
-0.900506
0.228511
1.141024
1.106032
0.497973
3.015727
2.393460
4.053001
10.048268
2.260957
5.134366
1.173306
1.983731
3.202424
0.517992
2.591898
2.113883
1.283297
0.693563
2.361403
0.396453
3.277840
4.879622
0.211298
0.474795
1.254640
1.124412
0.761416
0.579805
0.887756
2.414059
1.025412
-0.461556
-0.274138
-0.631655
1.590931
0.221614
0.555980
-0.322501
0.464998
1.340464
1.365285
2.838599
1.430500
2.334490
-0.002860
1.696517
0.969639
0.388381
-1.712710
0.054846
0.334262
2.010508
-1.284320
0.779643
1.523334
1.310379
-0.749681
-0.373376
0.288216
-1.137288
1.122913
-0.008649
0.542240
0.441442
0.335536
-0.161910
0.012347
-0.474470
0.660526
-0.111314
-0.719183
-0.257192
-0.866496
0.178707
0.683443
0.889043
0.569807
-0.377592
0.660252
0.429567
0.587167
-0.633525
-0.305987
1.148150
0.777468
0.639981
0.223365
-0.739478
-0.241799
0.932592
-0.216152
0.505610
0.549492
1.195427
1.368184
2.077583
1.186772
-0.355693
-0.098793
-1.138472
-0.266561
0.678330
0.145091
0.018819
-0.038114
-1.871428
-1.083855
1.375169
1.345137
1.071607
1.216059
0.652775
-0.032249
0.385897
0.631021
2.640524
0.858094
0.264466
1.024208
0.673580
3.164831
3.025942
6.188050
1.506003
0.476402
0.286931
0.992175
-0.017446
0.301535
0.532716
-0.060472
0.145826
0.377868
0.984432
1.080201
0.165386
-0.072442
-1.674097
-1.042182
-1.390050
-0.244605
0.699002
0.832841
-0.367105
-0.890225
-0.457302
0.761546
-0.561773
-0.076930
0.544514
0.057638
0.812419
-0.121117
-0.480157
0.576811
1.090305
1.156090
-1.003990
0.336345
0.405342
3.174354
2.414273
0.561230
1.315011
2.044062
1.716135
-0.549368
1.204248
-0.947338
1.226004
2.366099
0.782806
2.586908
-0.286786
0.134917
2.277516
1.101250
0.849611
0.172400
2.126531
0.126768
1.125353
1.253521
1.596983
0.288076
-0.235754
1.331211
1.231027
1.066016
1.563888
1.584307
1.578703
2.057202
0.362222
0.930950
-0.648533
-0.417118
0.286412
-0.319558
1.356842
-0.605505
0.529537
0.330322
-0.582308
0.771184
-0.517727
1.639783
1.253520
0.594986
1.338894
1.475536
1.341446
-0.264428
0.394462
-0.833635
0.017727
0.525793
1.740908
1.855280
3.240528
2.869801
1.920367
1.678283
2.425554
2.721553
2.948445
0.851219
0.923480
3.384323
2.213095
2.231158
1.531267
1.717860
1.148327
1.164279
1.436203
0.748273
1.235615
0.760165
1.712372
1.745109
0.082914
0.545881
1.924905
1.485207
1.283866
1.086839
1.492536
0.898896
-0.348846
0.741655
-0.135531
0.699510
0.611563
1.591146
-0.005738
1.457255
0.771785
1.362297
1.569615
0.361715
-0.358946
0.254949
-0.068986
-1.564202
-1.756883
-2.054661
-1.189564
-1.957266
-1.749592
-0.719582
0.000138
-1.967102
-1.262639
-0.500641
-0.856566
-2.632267
-0.739802
-1.430428
-2.225131
-0.445937
-0.627728
-1.613996
-0.319813
-0.580185
-0.727627
0.112496
0.771321
0.846744
1.692958
3.236517
0.984064
0.707707
-0.512827
-1.572864
-0.847358
0.954039
-0.439357
0.736908
-1.665974
-1.423567
-0.949464
-1.312484
-1.477475
-1.422459
-1.559501
-2.179125
-0.885821
-1.548232
-2.523177
-2.062644
0.308309
-1.394668
-0.875322
-0.871094
-1.841327
0.582438
-0.396242
0.357863
0.076949
-0.559909
0.844257
-0.485492
1.137004
-0.595895
0.430815
0.386173
-0.143560
-0.814739
-3.072540
-1.450794
-1.314044
-1.799122
0.166659
0.598166
0.889055
1.508532
0.683877
-1.296145
-1.843681
-2.133354
0.067140
-0.193918
-0.316215
-1.667228
-0.839355
1.885740
0.364841
1.823386
2.329559
0.679313
2.070673
-0.266605
0.567270
2.844104
1.255248
1.601641
0.807558
1.523891
2.232570
3.124355
1.302750
0.437375
0.267548
-1.518373
0.703507
1.019863
0.629479
1.148106
-0.552828
-2.039137
2.271651
1.494728
2.088816
-2.158627
0.238322
0.014934
-0.777070
-0.532651
1.417444
0.107534
1.466568
1.135681
1.527298
-0.311350
0.159651
3.683158
0.106071
0.832508
1.003272
4.520712
2.715868
12.416988
6.793469
3.359141
6.024180
-0.129192
2.511542
0.579388
0.567638
0.838887
0.724812
2.575399
1.528886
0.158274
1.635562
1.086086
1.750874
5.292901
2.106351
-0.020701
0.954350
3.215941
2.911833
10.301828
5.155934
1.376584
3.315017
1.226701
-0.057498
0.740796
2.303858
24.304343
10.726718
9.254079
4.208181
4.541033
3.363549
10.230717
5.405346
2.634935
5.220121
10.394589
5.321694
2.724850
3.157708
1.932545
3.655253
-0.448260
1.163182
0.175125
1.309728
2.141342
2.453779
4.985887
1.430241
2.260615
1.766268
1.455461
2.210776
1.011098
2.135229
2.200396
2.385354
2.601468
2.975018
2.743002
0.752010
2.828510
5.286180
3.318876
3.287723
2.648196
5.196623
3.046076
2.697125
1.484594
2.095468
3.708892
2.930913
2.964882
5.455895
2.622684
2.069425
3.452970
3.546990
4.885109
9.714854
1.945843
1.368897
1.333278
4.348315
1.852117
1.618934
0.720415
-0.407193
1.259101
1.040898
0.601820
1.435476
2.167058
0.201656
-1.002448
0.285044
1.419079
3.873702
1.480568
1.081472
0.067198
-0.214560
-0.258264
-1.303675
2.544626
0.390933
1.299663
-1.183459
-0.758879
1.801302
3.986617
9.680910
0.810256
1.346170
-1.792385
-1.215331
-1.516035
-2.272987
-2.186513
-1.446764
-1.874258
-0.582293
-0.153974
-0.518285
-1.368565
0.310901
-0.426192
-1.142884
1.887938
0.965387
0.425592
0.073543
1.305992
0.437687
1.281470
2.215080
-1.102740
-2.331590
-0.220846
-2.207750
1.243542
1.365261
1.666987
1.130058
0.010523
0.533594
-0.348589
-0.625461
-0.196809
0.200083
0.085152
-0.675441
-0.159319
-0.303605
-1.593225
-0.849827
-1.326510
-0.951153
-1.442427
0.019249
0.733588
-0.023638
1.971298
0.070082
0.013167
1.861870
-0.144516
0.250140
1.475135
-0.269987
2.268442
0.936163
-1.593421
-1.088550
0.863968
0.318664
-0.854319
-1.280676
0.775976
1.487296
0.707185
-0.638143
1.232698
1.143352
1.304396
0.343452
0.519481
-0.868829
-0.179661
0.184304
0.733854
-0.065226
1.821423
0.557343
0.693596
0.902256
-0.180274
1.460296
0.793476
0.904437
-0.612339
-1.458282
-0.906169
-0.727940
-0.562575
0.649482
0.896204
0.895903
0.405633
0.655632
-0.353131
-1.355850
0.214991
-0.309687
-0.363260
-1.122675
-1.245243
-0.025824
0.928784
-0.051443
0.931654
1.700532
-0.228287
0.204216
0.226510
-0.105801
2.417921
-0.112305
0.673692
3.099074
1.348190
0.916221
0.247767
1.229561
0.496319
1.512288
0.958792
2.575867
2.334261
4.178596
1.264468
1.054212
0.799043
1.450638
4.907719
2.949645
2.474389
1.655991
9.535066
3.935855
2.359390
3.489597
0.888999
4.408153
1.102631
2.151104
1.051461
1.644631
3.643225
3.985302
3.611563
2.224789
2.292075
2.012745
3.309248
4.657450
5.802841
3.382717
0.308678
2.107016
2.602801
1.984580
1.051901
0.819871
0.473645
1.595312
2.496777
3.068077
2.062237
1.522043
1.522127
1.698052
0.121592
0.055126
-0.153973
0.554838
1.390514
1.060430
-0.163371
-0.025559
0.162796
0.886455
1.274817
1.021095
2.374221
1.292703
1.281659
0.894476
0.769605
0.711179
0.230570
0.094997
-1.012442
-0.477725
0.544027
0.455959
0.867727
0.517911
1.530810
-0.189783
-0.382074
-0.431028
0.756410
-0.370958
0.896231
0.850468
0.849280
0.151806
0.255751
-0.310097
0.755297
0.242437
0.118487
-0.234330
0.081541
0.692621
1.810869
1.531855
0.465574
0.535249
0.598886
1.538593
-0.101106
-0.432803
-0.123416
-0.444517
0.263958
-1.509696
-1.559746
1.032335
0.297822
0.504696
0.138143
0.507291
0.994717
1.026630
0.763651
-0.231531
0.233542
0.264846
1.785064
-0.558345
-1.750205
-0.543251
1.127068
2.062580
1.049350
0.065797
1.537621
0.786361
0.577453
0.397970
0.247120
0.616853
0.141404
0.751613
-0.602082
0.392822
-0.161566
1.328906
1.101249
1.089009
1.236371
2.095331
1.057549
0.510594
0.438427
0.123649
0.285303
-0.011768
-0.220135
0.841270
0.434591
-1.078994
-1.161989
0.130587
1.339264
1.035815
-1.095207
-1.153038
-1.018097
0.649977
0.718047
-0.088892
-1.032644
-0.708800
-0.310919
-1.891422
-1.533234
-0.744650
-0.217676
-1.440028
-0.642452
-0.652363
-1.146243
0.228301
-0.540531
-1.817147
-1.229228
-0.696346
-0.616357
-0.977000
-0.967971
0.227189
-0.340639
-1.623365
-1.744099
-1.065170
-0.207211
-0.729266
-0.385846
-0.687192
-0.217239
0.792953
0.836049
-0.002513
-1.119630
0.057562
-1.575141
-0.953977
0.774038
-0.302823
0.463569
0.117568
-2.048295
-1.245064
-0.401417
0.938751
0.652710
-0.242081
-0.642117
0.834337
1.438645
0.825946
0.498855
1.388928
0.323747
-0.282549
-1.357417
-0.189690
-0.467990
0.422991
0.881719
0.993092
0.866504
0.392720
0.141427
0.722661
-0.070307
2.027155
3.923027
-0.138014
0.310805
-0.853333
0.742317
0.544421
-0.234090
-1.965788
-0.093031
1.410688
0.931473
3.787806
0.953973
0.127472
0.659967
-0.674623
1.620989
-1.337777
-0.080960
-1.299046
0.456048
0.656688
-0.735751
0.162400
0.074157
-0.252583
0.119027
0.970539
0.658087
-1.042502
1.014121
2.540748
0.850758
0.005103
0.551341
1.040022
0.588434
1.769872
1.266217
0.997458
1.180028
0.278644
0.580721
-0.221869
0.305668
0.623200
1.673574
0.352754
-0.556308
-0.609473
0.875026
1.532652
1.031744
-0.735991
0.770579
-0.156778
-0.493993
1.215508
1.264290
2.087850
0.766067
2.074722
0.992670
0.710413
1.464114
1.760695
1.742721
1.530934
1.647962
0.732840
0.879935
1.182745
0.092331
1.460696
3.420357
1.102081
1.608228
-0.060029
-0.804999
0.493152
1.003236
1.194339
0.157446
1.266754
2.904304
1.787794
1.878967
1.162930
-0.071740
-0.406504
0.996869
1.434394
1.323866
1.799053
2.394947
5.023527
1.914457
2.258840
-0.262663
0.523214
0.420528
1.590015
-0.213121
0.326891
0.450553
2.499215
2.186334
1.040955
1.466449
0.658070
0.167213
1.088114
0.827506
1.319626
2.687603
2.001748
1.009283
0.908969
0.640394
-0.299353
-0.033737
0.401746
1.317082
0.754915
0.515818
1.931610
0.685647
0.345082
-0.173605
-0.490783
1.306344
0.527790
0.131451
0.104767
1.048003
2.285881
3.141008
6.289338
2.555964
2.102080
1.618037
1.153369
2.832304
2.107862
0.316628
0.676993
2.040859
2.146121
5.702151
10.813081
2.235528
4.392372
5.059940
2.010781
2.938358
1.298587
2.806375
0.701936
2.134994
2.167773
2.961944
3.328567
2.829825
4.906286
1.610810
0.704491
0.702631
0.931425
1.600285
1.214371
1.987376
1.459899
0.294972
0.561872
-1.250027
-0.624846
0.835746
-0.015593
1.205914
0.795807
1.814131
1.437866
1.284184
-0.675626
0.108108
1.306560
2.334957
0.596911
0.517113
0.201531
0.818437
2.535167
5.069383
1.252245
0.761038
2.319809
1.315007
1.142535
0.245878
-0.132047
-1.930745
-0.255727
-0.445527
-1.168000
-2.268718
-1.059881
-0.139304
-1.715072
-0.760146
0.731039
-1.001515
-0.015434
-2.055523
-1.088841
-0.891004
-0.741743
1.102021
0.494819
0.786697
0.730860
1.766145
0.275267
0.942051
1.461753
0.346365
1.392924
0.984216
0.281646
-0.927968
-0.170102
-0.524381
-0.682560
-0.234285
0.293180
0.303746
1.293081
-0.135846
-1.086255
-1.181232
-0.716227
-0.265495
-1.170243
-1.193799
-0.648399
0.171420
0.425687
1.034070
0.498766
0.348142
-0.139011
0.242780
1.400421
2.341212
1.032080
0.656584
0.319305
0.331351
-0.356402
-1.217134
-1.242726
-1.332516
-0.890949
-0.646428
0.741227
-0.145358
1.745799
2.322722
0.549541
-0.144121
-0.876475
1.254796
-0.260956
0.971049
0.752152
0.089157
1.065681
-0.973073
0.068391
-1.502304
-0.707442
-0.342048
-0.485287
-0.411914
0.170363
0.805258
-0.953461
-0.987462
0.411112
1.288456
-0.867116
-1.120823
-1.247099
-0.525704
-0.262259
-0.326367
-0.304054
1.027957
1.041759
1.459495
-0.165699
0.595866
-0.304480
2.991241
0.255506
-0.927110
-1.734840
-0.140288
-0.440589
0.068034
0.391616
0.816221
-0.141223
-0.293590
-0.272137
-1.323419
-0.592008
-1.357421
-0.181473
0.230184
0.239589
0.152176
-0.047664
0.662626
0.410899
1.837604
1.548400
1.740790
1.608515
0.929974
2.251606
4.808209
3.002060
1.405843
2.070096
2.720027
0.903137
-0.514023
-0.408161
0.049264
1.182743
-0.118046
-0.546558
-0.915042
0.407512
1.280478
0.723245
0.738925
0.890761
1.287459
0.306347
0.061959
-0.073627
1.205805
2.870863
1.021873
0.549945
-0.057073
0.043803
1.211396
0.513214
0.721847
1.181877
0.597047
1.113797
1.533306
1.970245
2.064637
2.243457
1.326548
1.567859
-0.242158
0.402450
1.253535
1.670315
2.092526
1.940536
2.310530
4.185381
2.459281
0.882579
0.909500
0.532944
1.824719
1.587092
1.228886
0.831943
2.255810
1.326986
2.049858
1.814474
1.011619
1.634955
1.658578
4.868509
1.818423
0.184392
0.535694
0.581229
2.547235
2.701208
1.254418
0.877884
1.551117
1.257391
5.990973
10.861512
3.575817
3.790186
3.469330
1.204293
3.196562
1.365316
0.116090
2.138670
2.591516
3.388904
2.363085
0.762018
0.383700
1.660584
1.645890
0.030632
0.799788
-0.168454
0.034569
-0.337650
0.302534
0.326084
-1.249726
0.736056
-1.400234
0.187094
1.505126
2.127569
1.605513
2.298426
3.153484
1.619946
1.922835
1.451086
1.046851
1.152651
0.040002
1.016027
1.637044
0.299280
0.492046
2.352724
2.531182
4.557557
2.056448
2.219529
0.814427
0.417616
1.035960
0.509537
0.919199
-0.584093
-0.238651
0.662220
0.913690
-0.438905
0.751891
-0.241469
0.279817
1.380970
0.068913
0.604970
0.568942
0.328292
1.446202
0.488207
0.959690
1.346090
0.394231
-0.081490
-0.957424
-0.346684
0.604246
0.747818
-0.012506
1.060491
1.666180
0.461953
2.377079
0.575611
1.541818
2.527445
1.090647
0.857962
1.244355
0.748774
1.143964
0.609671
0.231951
0.207570
0.997558
-1.061259
-0.278383
0.389200
-0.035721
-0.020081
1.223222
0.413144
1.278054
1.564573
0.948332
-0.648968
0.080364
1.067024
0.410438
0.107546
-0.634625
-0.097693
1.134075
0.978264
0.143459
1.459280
0.635153
-0.043697
0.509552
1.053799
0.505759
-0.220254
-0.115033
-1.903763
-0.403436
-0.576564
-1.039064
-0.837038
-1.563803
-0.875730
-1.710971
-0.250757
-0.475044
-0.362392
0.308155
-0.796100
-1.344700
-0.874858
-0.490817
0.271522
-0.138811
0.185741
-0.775641
0.662666
-0.061722
-0.573833
-0.190822
-0.012459
-0.724080
-1.243818
-0.660161
0.996044
0.029594
0.236537
0.658502
-0.531058
0.257925
0.260872
1.025110
0.645971
0.013124
0.340860
1.731182
0.856222
0.822868
0.767944
0.740080
-0.754736
1.927287
0.509258
2.048931
4.021462
2.263567
0.733876
2.271385
3.853009
2.041770
1.382912
1.408560
0.718099
-0.299981
1.013815
2.023218
2.182268
1.506999
1.734288
1.835071
0.830284
0.568218
1.518956
-0.412257
0.494287
0.577437
1.801166
1.652068
0.997211
1.392024
0.255296
-0.084833
-0.072938
-1.183756
-0.550920
-0.107405
0.607748
0.890293
2.217882
0.815940
1.713505
1.508723
0.436925
0.770009
-0.247882
0.149437
0.569695
1.196371
0.889736
-0.202474
0.067693
0.875978
0.590867
0.670280
1.570275
0.681929
0.344787
0.588204
0.908356
-0.313685
-0.094749
0.196224
0.478474
0.469565
0.846733
0.863325
-0.241459
-0.017889
-0.463505
0.115863
-0.079332
0.504794
1.461430
1.106762
0.077809
0.575298
-1.612882
-0.628306
-0.257277
-0.473848
0.065007
-0.535948
-1.898889
-0.663112
-0.609180
0.224377
0.864377
0.329446
0.999206
-0.596662
0.467834
-0.334993
0.682201
0.291465
0.257654
-0.636261
-1.044675
-1.046143
-1.317226
-0.391623
-0.599644
-0.814797
-0.609594
-1.986112
-0.606987
-0.213178
-0.421023
0.337562
0.164218
0.121418
-0.008981
-0.235851
-0.955194
0.643558
0.292848
0.025125
-0.981840
-0.656817
0.771157
1.361352
2.331351
0.969696
0.658317
1.127690
1.545210
0.028772
0.409904
1.858709
-1.118738
-0.190343
-0.983693
-2.221346
-1.436690
-0.507305
-0.912899
-0.859582
0.880535
0.533705
0.302910
-1.552599
0.313935
-1.235127
0.131930
-0.254005
-0.846438
-0.239921
-1.640280
-2.209168
-2.562435
-0.471885
0.876216
-0.339404
1.998530
-0.204424
-0.400393
-1.206649
-1.247181
-0.371961
-0.503756
0.370770
-0.289876
-1.636753
-0.911397
-0.742774
0.287459
-0.721787
-0.072113
0.093410
0.593639
1.040922
-0.532297
-0.576065
0.172960
0.040922
0.742305
-0.241687
0.989934
0.083609
0.816435
-0.187138
-1.433286
-0.629753
-0.271145
-0.003658
-1.676638
-1.322589
-2.411042
-1.046362
-0.336902
-0.249248
0.192521
0.228115
0.660878
-0.033010
-0.923317
0.441360
0.719560
2.061659
-0.005117
-0.266277
-1.506392
-0.845532
-0.689609
-0.466830
-0.328750
0.774285
0.426497
0.730654
-0.263129
0.249432
-1.906873
0.283268
-0.567979
-1.802162
-1.021809
0.139612
-0.452622
-0.264425
0.665902
1.355776
-0.490348
2.595550
1.407068
1.151194
1.371919
2.264268
2.969956
1.053045
1.980556
1.259496
1.170336
0.956686
1.561462
1.082307
-0.402504
1.116378
2.238760
0.379412
-0.554756
0.730294
1.293778
2.685971
-0.174159
-0.173769
-1.219776
-0.233672
-0.330977
0.882129
1.996790
1.063172
1.272624
0.680837
1.769501
2.538593
1.992316
0.616201
0.292105
-0.505154
1.558224
0.034959
1.537014
1.958310
1.930706
0.073728
0.418390
-0.804492
-0.937454
0.019820
0.021356
-0.483320
-0.361244
0.948298
0.505777
-0.263701
0.065482
0.005668
-0.555449
-1.122726
0.850892
-0.273851
-0.231550
0.645382
-0.975939
-0.096320
-0.037599
0.981755
1.090744
-0.121144
-0.403712
-0.111796
-0.105459
-0.573451
0.131068
-0.138546
0.844247
-0.216103
0.110752
0.106492
0.085403
1.111245
1.361752
0.569974
1.004910
2.035195
1.389617
1.778454
0.989770
1.333569
2.453501
1.809258
2.306853
-0.009604
0.667862
0.136138
0.610734
1.121939
1.387235
1.370675
0.863775
0.532277
-0.676223
0.850824
-0.731193
-0.330351
-0.939155
-2.009312
-0.177702
0.827144
0.222703
0.424473
0.192620
0.676925
-0.554604
-0.658654
-0.580827
-0.150884
-0.173151
-0.852477
-1.541834
-0.301683
-0.272192
-1.143440
0.205529
-1.435403
-1.863819
-2.268140
-1.448175
-0.300760
-0.445776
-1.331566
-1.724427
-1.944703
-2.485837
0.032241
-0.980646
-1.274983
-1.026041
-0.337943
-0.312205
-0.469411
-2.069244
-0.417346
0.488037
0.367721
1.080210
0.747228
0.166825
-0.546505
0.666813
0.455521
1.076343
-0.722459
-0.558542
0.795205
0.842824
2.366727
1.733386
2.022099
-0.610700
-1.427751
-0.206731
1.032540
1.278942
1.606983
1.122633
0.765527
1.270946
1.849703
1.203919
-0.475193
0.848084
0.894070
2.045823
0.427800
-0.286396
1.169353
1.734779
0.097650
0.645433
0.337786
-0.077463
0.322898
1.229574
0.736703
1.806578
1.039914
1.878265
1.372326
1.429656
0.871579
1.119152
1.697798
0.573422
2.652486
1.600022
1.738895
1.519412
1.872007
-0.374119
-0.066539
1.077388
1.451884
1.607566
0.283038
-0.145389
-0.274942
0.964965
0.286408
0.024917
0.073607
0.451351
0.691581
0.268119
1.627040
-0.044093
0.117516
0.529846
0.991865
0.712867
0.188390
0.454404
1.597323
0.547892
-0.116014
0.853649
0.880281
-0.393163
0.412570
0.397154
0.598886
0.902428
0.549039
0.992336
1.550096
2.081944
0.863749
1.403017
1.218836
0.498387
0.545452
2.168895
0.779147
-0.827743
1.621424
1.018048
2.789979
4.772314
2.260179
2.449007
0.911571
0.671524
1.586584
1.060797
0.197534
0.453725
0.692599
-0.147442
0.008424
1.528438
0.600495
0.870469
0.284492
1.291225
2.388184
1.752479
0.768434
0.058786
1.702419
2.410198
1.083384
1.274534
0.790852
1.577537
2.335441
3.294714
2.271934
2.049287
2.831661
0.869979
2.578551
1.217210
1.722948
0.884589
0.633281
0.509287
0.710122
1.364803
1.378848
2.016147
1.352004
1.989136
1.236203
1.698567
2.634403
1.610722
0.258966
0.959835
1.010556
0.606257
-0.676395
-0.769965
0.219438
1.156416
1.280446
2.495527
0.452225
0.802581
1.036393
0.955905
1.369750
0.386682
0.816404
1.552438
0.069557
0.113362
-0.110063
-0.067662
0.621080
0.722061
0.484242
-0.079004
0.709664
1.204746
1.676134
0.476063
1.084709
-0.148514
0.486678
0.291016
1.253226
-0.957566
-0.345587
0.289384
-0.857089
0.078654
-0.945609
0.906457
1.536432
-0.203843
0.740394
0.035126
0.688642
1.436610
1.058966
0.604932
1.159826
0.986370
0.137246
1.621482
0.889153
1.443673
1.853479
1.466114
0.982864
-0.466784
-0.677201
-2.008918
-0.586692
1.103300
1.187134
-0.424993
0.070820
-0.146626
-0.289392
0.738183
0.093153
0.456300
0.481262
0.684233
0.939772
0.497475
-0.203722
0.341380
-0.357573
1.146826
0.729799
-0.620109
0.056814
0.055162
0.021717
0.035528
-1.035165
-0.081660
0.571864
1.229541
0.576714
-0.017666
-0.699190
1.570393
1.159867
1.459715
0.901166
-0.617080
-0.185484
-0.043993
0.816950
0.582520
-0.367465
0.078798
0.582867
0.723080
-0.304167
-1.328590
0.082365
0.673217
0.086772
1.549393
0.492789
0.936547
-0.914609
0.513679
-0.718279
-0.322310
0.754747
-0.243714
0.060195
0.876967
-0.158314
1.165975
0.322727
-1.474376
-1.072305
-2.377567
-0.367057
0.412581
0.665873
0.407135
-0.408555
-0.277800
0.532508
-1.221739
-3.507570
-4.345947
-2.885101
-1.685144
-2.561280
-2.746070
0.203519
0.387259
0.654888
-1.293978
-0.425174
-1.057497
-1.539660
-0.293396
-0.516839
0.190588
0.198174
0.801175
0.469334
1.047354
0.947101
0.547095
2.832123
1.777919
0.797942
1.686892
0.559914
0.390273
0.304803
0.289903
0.601685
1.307185
1.192935
0.313695
0.115734
0.868310
1.140446
1.238302
0.635759
0.920120
0.274509
0.358072
0.714027
1.045141
1.263631
0.678594
0.897417
0.361025
-0.206680
0.814713
-0.177006
-0.992445
-0.438192
0.340725
-0.470933
0.162606
1.068817
0.699522
0.357291
-0.897540
-0.205839
-0.820665
-1.317489
-1.993459
-0.454163
-1.093934
-0.075584
0.523338
-0.161585
-1.026314
0.944795
0.822438
-0.499132
-1.181968
-0.691423
-1.060158
-1.077034
-0.687882
0.189364
1.573450
-0.288878
-1.048825
-1.624159
-1.396937
0.417770
-1.578892
-0.967056
-0.833046
0.101279
-0.667321
1.289763
0.362232
-0.392400
0.340445
-0.758429
-1.008810
0.425705
0.866669
-0.252412
-0.111842
-0.041543
0.826897
0.925649
0.009528
1.509260
1.278155
0.263779
0.117644
1.020076
0.849996
-1.287871
0.104552
-0.527144
-0.684924
-0.022506
1.524382
1.310856
0.941675
-0.122193
0.979337
-0.300594
-0.954015
-0.304513
-2.220749
-1.930747
-1.422052
-2.080300
-1.852296
