-0.753043
-0.692527
-0.679381
-0.696200
-0.684318
-0.674712
-0.660297
-0.630791
-0.639122
-0.632327
-0.671422
-0.693007
-0.669048
-0.617422
-0.635901
-0.625595
-0.620003
-0.649448
-0.660093
-0.674422
-0.652145
-0.623617
-0.651563
-0.684842
-0.664634
-0.677280
-0.703965
-0.706144
-0.667647
-0.632983
-0.615443
-0.554622
-0.509426
-0.526942
-0.527057
-0.527327
-0.511048
-0.505979
-0.482038
-0.446682
-0.431124
-0.440179
-0.422101
-0.398584
-0.396649
-0.378119
-0.358580
-0.345421
-0.380468
-0.361058
-0.333811
-0.292873
-0.287829
-0.278243
-0.287168
-0.245600
-0.226624
-0.215464
-0.212100
-0.265786
-0.275989
-0.248414
-0.234354
-0.192177
-0.159202
-0.169541
-0.145517
-0.166463
-0.134309
-0.158963
-0.149365
-0.141026
-0.166532
-0.163329
-0.181415
-0.174402
-0.168907
-0.123156
-0.079380
-0.050618
-0.031561
-0.026404
-0.020673
-0.016793
-0.081604
-0.109093
-0.101501
-0.072002
-0.017660
0.023562
0.011526
-0.013959
0.018408
0.002084
-0.033362
-0.030379
-0.076280
-0.080258
-0.071797
-0.113876
-0.142773
-0.164432
-0.166893
-0.208733
-0.181129
-0.152721
-0.139876
-0.098612
-0.069709
-0.060690
-0.052241
-0.073845
-0.053664
-0.113947
-0.113370
-0.122575
-0.090191
-0.105397
-0.121146
-0.091034
-0.089002
-0.088678
-0.065306
-0.071885
-0.119204
-0.100691
-0.078895
-0.090666
-0.079595
-0.045901
-0.086544
-0.121811
-0.200576
-0.220253
-0.229109
-0.209340
-0.224097
-0.219526
-0.214014
-0.187909
-0.148556
-0.175189
-0.225777
-0.211946
-0.223183
-0.254132
-0.235745
-0.231842
-0.242234
-0.242251
-0.247417
-0.265023
-0.250317
-0.268910
-0.283348
-0.268680
-0.207133
-0.178740
-0.139082
-0.140237
-0.163792
-0.165951
-0.177239
-0.175736
-0.181804
-0.195756
-0.208015
-0.157336
-0.146379
-0.112344
-0.125263
-0.168149
-0.184151
-0.120465
-0.161675
-0.169794
-0.205552
-0.246083
-0.283859
-0.297511
-0.308639
-0.331674
-0.320590
-0.349936
-0.348179
-0.355857
-0.303434
-0.296445
-0.234017
-0.232751
-0.256603
-0.192566
-0.199733
-0.211720
-0.223411
-0.218143
-0.194862
-0.158443
-0.152943
-0.079075
-0.016106
-0.067565
-0.083908
-0.129190
-0.150856
-0.140926
-0.126641
-0.159666
-0.163457
-0.146583
-0.151373
-0.141803
-0.150313
-0.174403
-0.205239
-0.199782
-0.234485
-0.200823
-0.175050
-0.191655
-0.242568
-0.267860
-0.311113
-0.325395
-0.296968
-0.332510
-0.354526
-0.355052
-0.370759
-0.407363
-0.436426
-0.424950
-0.440461
-0.471748
-0.461309
-0.404222
-0.317954
-0.277086
-0.267804
-0.274590
-0.320086
-0.327062
-0.316337
-0.324606
-0.306908
-0.330090
-0.298461
-0.270839
-0.313529
-0.369720
-0.380103
-0.401045
-0.416956
-0.427684
-0.411584
-0.472572
-0.432294
-0.404708
-0.397174
-0.428788
-0.452458
-0.425458
-0.372343
-0.394061
-0.379939
-0.359863
-0.368792
-0.393437
-0.379357
-0.370303
-0.342943
-0.358093
-0.334062
-0.278077
-0.230945
-0.234995
-0.240823
-0.221376
-0.217477
-0.236224
-0.274771
-0.281211
-0.253283
-0.231484
-0.265797
-0.319078
-0.318461
-0.359789
-0.322191
-0.286228
-0.294730
-0.247601
-0.251454
-0.277519
-0.275821
-0.247472
-0.256171
-0.277587
-0.248694
-0.234219
-0.255216
-0.248295
-0.246283
-0.247983
-0.222698
-0.241676
-0.281299
-0.274389
-0.326743
-0.317158
-0.262801
-0.203769
-0.202516
-0.194125
-0.197328
-0.265335
-0.261068
-0.217356
-0.220038
-0.209795
-0.182273
-0.215085
-0.200756
-0.198138
-0.220703
-0.180754
-0.156208
-0.189937
-0.204534
-0.229627
-0.286259
-0.338408
-0.320250
-0.293509
-0.271069
-0.251686
-0.208456
-0.227193
-0.248459
-0.292420
-0.272941
-0.250702
-0.230525
-0.198391
-0.264668
-0.239250
-0.218681
-0.189144
-0.175533
-0.173951
-0.211481
-0.235629
-0.284525
-0.289387
-0.279598
-0.253494
-0.236208
-0.236373
-0.233247
-0.239817
-0.309372
-0.368193
-0.350245
-0.364322
-0.374613
-0.369863
-0.381337
-0.406901
-0.453947
-0.443218
-0.422164
-0.470752
-0.475369
-0.479142
-0.491904
-0.501580
-0.485726
-0.485370
-0.503678
-0.493445
-0.483179
-0.499514
-0.493937
-0.522074
-0.497086
-0.573459
-0.559456
-0.508552
-0.466133
-0.474464
-0.467151
-0.454514
-0.442981
-0.466848
-0.484581
-0.491951
-0.507169
-0.448866
-0.421407
-0.424135
-0.377554
-0.405723
-0.406603
-0.399559
-0.392372
-0.386957
-0.387982
-0.398295
-0.393965
-0.402197
-0.452240
-0.472542
-0.462853
-0.444924
-0.419501
-0.403094
-0.379377
-0.363949
-0.312627
-0.308601
-0.331364
-0.349009
-0.345694
-0.314411
-0.343520
-0.352935
-0.386113
-0.407814
-0.368913
-0.375606
-0.327906
-0.309241
-0.311862
-0.268730
-0.264995
-0.265232
-0.263377
-0.284912
-0.285261
-0.323894
-0.321323
-0.328709
-0.369007
-0.390426
-0.404243
-0.414675
-0.470001
-0.437437
-0.415085
-0.462941
-0.478610
-0.451734
-0.462264
-0.472788
-0.460267
-0.466784
-0.488561
-0.500908
-0.453895
-0.456992
-0.465267
-0.455913
-0.424431
-0.444246
-0.428414
-0.447072
-0.461663
-0.471075
-0.468686
-0.487219
-0.483291
-0.485470
-0.465556
-0.457311
-0.451689
-0.446820
-0.470788
-0.458126
-0.428377
-0.426201
-0.413465
-0.407123
-0.375419
-0.350029
-0.368074
-0.403113
-0.436599
-0.409204
-0.387999
-0.415768
-0.442098
-0.452014
-0.461982
-0.439030
-0.455292
-0.441242
-0.416589
-0.439008
-0.397272
-0.342478
-0.372802
-0.350645
-0.334397
-0.294683
-0.241912
-0.259548
-0.307283
-0.355183
-0.397053
-0.372359
-0.322932
-0.305034
-0.383635
-0.427667
-0.377815
-0.352918
-0.356878
-0.340536
-0.291694
-0.279947
-0.277382
-0.263317
-0.289588
-0.285308
-0.301584
-0.316927
-0.298930
-0.296989
-0.278530
-0.277748
-0.260416
-0.191197
-0.160330
-0.151920
-0.116000
-0.111050
-0.151040
-0.163637
-0.205037
-0.214388
-0.237453
-0.272517
-0.235048
-0.293745
-0.316849
-0.325389
-0.333471
-0.268647
-0.177948
-0.183985
-0.200038
-0.199280
-0.205650
-0.237909
-0.250688
-0.220942
-0.230887
-0.214079
-0.278436
-0.284959
-0.268003
-0.234379
-0.212696
-0.221354
-0.210084
-0.186649
-0.176341
-0.164497
-0.211842
-0.264039
-0.297820
-0.252704
-0.246945
-0.261373
-0.263522
-0.290521
-0.287194
-0.305817
-0.342340
-0.348423
-0.345505
-0.368821
-0.378240
-0.337453
-0.322468
-0.332901
-0.321805
-0.311733
-0.340309
-0.340932
-0.360689
-0.363605
-0.370880
-0.361622
-0.368305
-0.372875
-0.392972
-0.439283
-0.434159
-0.401810
-0.435350
-0.440516
-0.449781
-0.434357
-0.507088
-0.531911
-0.567039
-0.585381
-0.544064
-0.513894
-0.477771
-0.482953
-0.483708
-0.461656
-0.459551
-0.426878
-0.427500
-0.389674
-0.369641
-0.362962
-0.383605
-0.365616
-0.359835
-0.388388
-0.362138
-0.369133
-0.405816
-0.403660
-0.337198
-0.303161
-0.255646
-0.282497
-0.264177
-0.256002
-0.258857
-0.285141
-0.335722
-0.437692
-0.400711
-0.418246
-0.408829
-0.408734
-0.363296
-0.346710
-0.372759
-0.361200
-0.344270
-0.362756
-0.340175
-0.339733
-0.357922
-0.366915
-0.325834
-0.345698
-0.353655
-0.367221
-0.366337
-0.364461
-0.384108
-0.419608
-0.430231
-0.430853
-0.421242
-0.418810
-0.401910
-0.412886
-0.430117
-0.419594
-0.427325
-0.449425
-0.426470
-0.421766
-0.414753
-0.485160
-0.524426
-0.536377
-0.511616
-0.460009
-0.477491
-0.486286
-0.503009
-0.528823
-0.512617
-0.487697
-0.507564
-0.485205
-0.488119
-0.542241
-0.524975
-0.483464
-0.454735
-0.481756
-0.475765
-0.440385
-0.428959
-0.396748
-0.373078
-0.326201
-0.310900
-0.302441
-0.341517
-0.351065
-0.308863
-0.291614
-0.281695
-0.266845
-0.256549
-0.228628
-0.194930
-0.159471
-0.086928
-0.095154
-0.122090
-0.140290
-0.122140
-0.127381
-0.140277
-0.119383
-0.104436
-0.061414
-0.046900
-0.030541
-0.046215
-0.039967
-0.045526
-0.077701
-0.086184
-0.136436
-0.188182
-0.203593
-0.201553
-0.151260
-0.133048
-0.157329
-0.199939
-0.242930
-0.253370
-0.231149
-0.204231
-0.227689
-0.236603
-0.245098
-0.222346
-0.219511
-0.189394
-0.203285
-0.200419
-0.193971
-0.156387
-0.197774
-0.189146
-0.192892
-0.199753
-0.213128
-0.237581
-0.268611
-0.274179
-0.272852
-0.243508
-0.245548
-0.237971
-0.209807
-0.214800
-0.215536
-0.217882
-0.183277
-0.174881
-0.162993
-0.189869
-0.238381
-0.271423
-0.300839
-0.308827
-0.338814
-0.369053
-0.393005
-0.393079
-0.373750
-0.410547
-0.391454
-0.341766
-0.323128
-0.311990
-0.325242
-0.347780
-0.341872
-0.346936
-0.290537
-0.289341
-0.273022
-0.243835
-0.267668
-0.318981
-0.332658
-0.332248
-0.270313
-0.268256
-0.295230
-0.301929
-0.269431
-0.250057
-0.182688
-0.149474
-0.120399
-0.109594
-0.117787
-0.131248
-0.163390
-0.189047
-0.190497
-0.159843
-0.119827
-0.128319
-0.160822
-0.156542
-0.127954
-0.120188
-0.140181
-0.149561
-0.162128
-0.130271
-0.104890
-0.107395
-0.133578
-0.177714
-0.167029
-0.185693
-0.170759
-0.145738
-0.148033
-0.179531
-0.174995
-0.135628
-0.128109
-0.148479
-0.104854
-0.072009
-0.087144
-0.137041
-0.175074
-0.183746
-0.182218
-0.165758
-0.134468
-0.101872
-0.087051
-0.098525
-0.082840
-0.051857
-0.073739
-0.060054
-0.080086
-0.025319
-0.048315
-0.016589
-0.008115
-0.004640
-0.016063
-0.023023
-0.012270
0.010340
0.000580
0.004006
-0.009318
0.018758
0.058871
0.066054
0.094479
0.108254
0.093928
0.112890
0.128400
0.117703
0.158862
0.205037
0.180340
0.199995
0.186767
0.148348
0.179165
0.172531
0.190937
0.194318
0.220296
0.205997
0.259586
0.248250
0.228847
0.220447
0.259718
0.317558
0.334912
0.319181
0.330007
0.301701
0.314805
0.266856
0.270157
0.267272
0.271839
0.266389
0.278933
0.274408
0.243613
0.279888
0.301193
0.305896
0.249823
0.220301
0.236762
0.242748
0.206166
0.203245
0.223660
0.211265
0.215352
0.206545
0.199550
0.229364
0.233358
0.240728
0.214107
0.243921
0.283731
0.296868
0.269250
0.268070
0.279594
0.317896
0.334483
0.347725
0.340193
0.394208
0.426083
0.435704
0.447317
0.426452
0.422295
0.426730
0.374020
0.362367
0.348272
0.354952
0.365038
0.392605
0.378485
0.383903
0.401323
0.415738
0.449202
0.447373
0.393254
0.363007
0.362074
0.371426
0.373773
0.367139
0.313170
0.288772
0.220944
0.235437
0.224447
0.241497
0.216657
0.223414
0.200476
0.173043
0.211770
0.193761
0.211930
0.212856
0.217672
0.209286
0.271761
0.306060
0.287617
0.263658
0.257329
0.303997
0.283773
0.251092
0.232971
0.221369
0.289695
0.312273
0.309420
0.280999
0.266351
0.291994
0.312112
0.352667
0.349306
0.359857
0.333339
0.342275
0.349568
0.388820
0.466097
0.490651
0.512322
0.521541
0.517648
0.504838
0.492020
0.482385
0.482926
0.459205
0.428337
0.436053
0.451329
0.438330
0.457161
0.426902
0.462529
0.466711
0.468190
0.442888
0.471488
0.535122
0.583494
0.608043
0.586834
0.615081
0.643841
0.620424
0.632177
0.653091
0.653567
0.658824
0.682216
0.724358
0.747948
0.740212
0.713774
0.724530
0.759896
0.750779
0.748188
0.786885
0.830591
0.814883
0.813055
0.859137
0.845395
0.823315
0.861585
0.885477
0.905304
0.923205
0.952558
1.000000
0.968001
0.945399
0.907756
0.951114
0.956253
0.943000
0.960242
0.930480
0.931408
0.945073
0.972793
0.969024
0.954049
0.925614
0.872758
0.858408
0.798476
0.744174
0.734393
0.708382
0.664306
0.670513
0.674158
0.706217
0.734070
0.725004
0.756334
0.753454
0.765577
0.721799
0.728665
0.734396
0.719736
0.726935
0.752552
0.770856
0.811106
0.820672
0.830245
0.862844
0.882406
0.905964
0.877847
0.873133
0.850416
0.851541
0.886859
0.818583
0.785220
0.768569
0.823682
0.817026
0.845808
0.850837
0.807512
0.818690
0.807313
0.805185
0.812542
0.825838
0.860565
0.854890
0.872489
0.870982
0.866884
0.898189
0.934645
0.938036
0.926141
0.911774
0.892572
0.906826
0.894456
0.846209
0.841265
0.852449
0.869128
0.841001
0.804800
0.790430
0.759244
0.752660
0.811815
0.789043
0.790046
0.830666
0.811019
0.773853
0.744618
0.746642
0.733288
0.768051
0.781854
0.807540
0.808308
0.796255
0.846067
0.846426
0.854093
0.850695
0.857485
0.859490
0.853965
0.877376
0.885117
0.850728
0.826873
0.847988
0.810410
0.763062
0.800231
0.782943
0.799237
0.777341
0.769338
0.760753
0.770423
0.790446
0.822461
0.824766
0.806676
0.814324
0.810712
0.768332
0.790204
0.804948
0.842348
0.868437
0.859378
0.779088
0.728325
0.806881
0.800453
0.776774
0.741229
0.745006
0.749758
0.763511
0.791086
0.773677
0.705807
0.664350
0.693720
0.698847
0.709606
0.734738
0.703199
0.642349
0.607516
0.610775
0.627179
0.613830
0.618729
0.608114
0.609760
0.582786
0.613333
0.620499
0.589199
0.556278
0.565110
0.623516
0.585576
0.580055
0.608568
0.618069
0.616377
0.556618
0.573249
0.592438
0.587732
0.645715
0.661316
0.632613
0.614347
0.616316
0.633784
0.624488
0.643648
0.625761
0.654451
0.633940
0.612812
0.587274
0.532666
0.521008
0.558934
0.547799
0.555115
0.536317
0.460509
0.389156
0.382640
0.360810
0.387548
0.383196
0.344627
0.355227
0.350538
0.309039
0.299576
0.322361
0.335382
0.355715
0.361800
0.329086
0.350156
0.373174
0.357115
0.379043
0.406792
0.422470
0.447466
0.423241
0.403025
0.383081
0.383501
0.336547
0.324904
0.315886
0.324900
0.365283
0.375412
0.378645
0.392068
0.452628
0.436759
0.479494
0.503439
0.522919
0.493159
0.509258
0.589464
0.609537
0.598243
0.657548
0.685681
0.658971
0.660479
0.648877
0.604753
0.599114
0.551186
0.553425
0.552822
0.477181
0.452839
0.395538
0.416522
0.439673
0.487320
0.472847
0.448333
0.494500
0.504653
0.506437
0.499015
0.536377
0.574724
0.540483
0.525276
0.478772
0.480734
0.473881
0.440135
0.462676
0.469450
0.472151
0.486288
0.506890
0.521848
0.517122
0.531660
0.539756
0.599683
0.647363
0.657167
0.679882
0.712924
0.640069
0.640208
0.614234
0.638478
0.600729
0.549206
0.534139
0.517402
0.516671
0.485812
0.451933
0.416624
0.416616
0.417531
0.410112
0.392667
0.360666
0.376421
0.352098
0.333360
0.362063
0.360592
0.388377
0.403521
0.373112
0.353957
0.354085
0.355814
0.345814
0.341384
0.347151
0.339516
0.272337
0.278919
0.295497
0.331814
0.328292
0.320579
0.300656
0.271656
0.231001
0.250857
0.264688
0.273952
0.283297
0.266307
0.231643
0.236654
0.310536
0.347754
0.321246
0.371212
0.410887
0.403118
0.428448
0.421648
0.442902
0.503469
0.535675
0.567039
0.574182
0.598161
0.628938
0.625500
0.612910
0.598364
0.581488
0.585939
0.601917
0.628513
0.611685
0.595510
0.639546
0.649069
0.708009
0.690725
0.653275
0.653736
0.632646
0.636676
0.612004
0.622143
0.688043
0.658960
0.677497
0.685961
0.619069
0.635769
0.584170
0.570626
0.564856
0.582838
0.563740
0.575430
0.571583
0.578290
0.565722
0.508771
0.472440
0.514092
0.527269
0.474466
0.509946
0.526750
0.543187
0.561509
0.553120
0.592327
0.598149
0.603024
0.589078
0.596052
0.561041
0.544407
0.494671
0.490912
0.494247
0.521728
0.562038
0.545386
0.529869
0.511330
0.496518
0.501792
0.523114
0.535157
0.486013
0.428471
0.456227
0.435610
0.389398
0.369758
0.357489
0.381751
0.394060
0.405416
0.411872
0.394072
0.366106
0.382160
0.393985
0.386116
0.408435
0.392342
0.456331
0.433351
0.396221
0.392623
0.360004
0.322744
0.333449
0.364379
0.338264
0.346083
0.305811
0.299125
0.306996
0.330952
0.298275
0.294340
0.304623
0.292814
0.257386
0.271921
0.248905
0.197216
0.222508
0.267821
0.261693
0.276164
0.284195
0.248029
0.231869
0.227356
0.220403
0.228911
0.232889
0.217261
0.208422
0.224516
0.222332
0.194181
0.192102
0.153127
0.129663
0.135808
0.128921
0.143448
0.161502
0.139315
0.117652
0.107811
0.112556
0.088115
0.045380
0.062442
0.050710
0.021216
0.022294
-0.009347
0.042743
0.080315
0.104882
0.107928
0.134204
0.124770
0.123276
0.118281
0.073381
0.095078
0.088478
0.076194
0.081570
0.121991
0.161543
0.139511
0.105594
0.085387
0.069005
0.055299
0.063420
0.091723
0.109447
0.095702
0.100832
0.138421
0.128392
0.080078
0.091730
0.112810
0.155722
0.109799
0.085694
0.094945
0.083278
0.061306
0.085551
0.127618
0.111609
0.145503
0.111878
0.092094
0.113196
0.106669
0.067531
0.077256
0.059769
0.056305
0.048176
0.061897
0.116940
0.128080
0.128549
0.157070
0.194557
0.204384
0.227187
0.220818
0.232399
0.232043
0.233647
0.236153
0.260214
0.292701
0.299802
0.310096
0.267636
0.274179
0.257035
0.223092
0.235240
0.179050
0.206089
0.200545
0.196862
0.219563
0.292417
0.364656
0.320103
0.307197
0.326023
0.266707
0.248295
0.263188
0.246972
0.233704
0.233291
0.259667
0.203925
0.147246
0.137133
0.144034
0.076147
0.025725
0.056234
0.068158
0.060684
0.032734
0.005838
0.011055
0.007368
0.028735
0.042643
0.032604
0.048020
0.072840
0.084802
0.070764
0.099523
0.123662
0.108151
0.086451
0.071333
0.115701
0.091846
0.101458
0.132546
0.103273
0.076374
0.011358
0.005264
0.061243
0.091657
0.109531
0.075162
0.070177
0.055225
0.026921
0.062052
0.064565
0.081491
0.080634
0.077939
0.056620
0.078151
0.084084
0.076401
0.066590
0.026308
0.022162
-0.004535
-0.067095
-0.093510
-0.045992
-0.047637
-0.036333
-0.112201
-0.151059
-0.147127
-0.156387
-0.198082
-0.178547
-0.171473
-0.148637
-0.125952
-0.116609
-0.166872
-0.182759
-0.195781
-0.236808
-0.232385
-0.229651
-0.197945
-0.180687
-0.146667
-0.113947
-0.082992
-0.066706
-0.100733
-0.135554
-0.165979
-0.169744
-0.130855
-0.099480
-0.121533
-0.125204
-0.119574
-0.129499
-0.122720
-0.091561
-0.101255
-0.073485
-0.072552
-0.063936
-0.085165
-0.114898
-0.081399
-0.007791
0.005660
0.003929
0.042854
0.059737
0.082677
0.118077
0.131337
0.130456
0.133270
0.173865
0.157490
0.159900
0.149793
0.145901
0.072820
0.034168
0.009928
-0.011946
-0.010798
0.028756
0.017056
0.030741
0.050607
0.037440
0.062762
0.067158
0.068059
0.065625
0.071834
0.074751
0.067881
0.089876
0.126507
0.138619
0.153361
0.178704
0.181572
0.178037
0.249696
0.276943
0.275057
0.287980
0.262001
0.301021
0.330179
0.297310
0.257093
0.245203
0.243779
0.290433
0.329090
0.323025
0.341511
0.328406
0.288413
0.268647
0.271171
0.302647
0.284235
0.262586
0.233359
0.215200
0.198957
0.199661
0.203765
0.178346
0.159660
0.138085
0.119057
0.131881
0.128695
0.129599
0.144825
0.104120
0.095865
0.111427
0.078425
0.052917
0.067837
0.098710
0.083541
0.120397
0.158222
0.105565
0.108203
0.111309
0.110229
0.133193
0.145033
0.146238
0.142413
0.120438
0.103406
0.127604
0.164855
0.188535
0.210300
0.206037
0.243810
0.258119
0.268172
0.180312
0.162774
0.134831
0.112386
0.121906
0.080160
0.101299
0.076219
0.033539
0.014750
0.023717
0.047774
0.029583
-0.038281
-0.008973
0.052749
0.063819
0.093996
0.091790
0.087087
0.045927
0.000546
-0.028669
-0.051674
-0.037381
-0.031353
0.011164
0.005361
0.006920
0.020786
0.031521
-0.018508
-0.009947
0.013136
0.023610
0.066052
0.069071
0.074742
0.093559
0.087524
0.083725
0.077039
0.048503
0.090238
0.062671
0.054778
0.079927
0.081689
0.105931
0.045165
0.006611
0.013914
-0.002964
-0.073179
-0.063972
-0.094361
-0.059127
-0.036711
-0.037384
-0.043048
-0.030795
-0.048980
-0.068239
-0.060300
-0.087405
-0.141042
-0.141763
-0.156803
-0.130988
-0.139016
-0.145388
-0.122316
-0.096866
-0.093665
-0.128123
-0.177181
-0.199964
-0.191758
-0.184213
-0.133610
-0.148134
-0.142637
-0.138704
-0.117226
-0.112370
-0.106190
-0.108987
-0.080541
-0.073348
-0.058206
-0.071292
-0.088077
-0.102945
-0.120681
-0.099897
-0.066868
-0.052468
-0.049720
-0.085163
-0.053306
-0.015909
-0.029408
-0.007166
-0.043437
-0.031413
-0.000536
0.104318
0.082384
0.034048
0.006819
0.018524
0.009654
0.054253
0.040450
0.008244
0.020734
-0.006479
-0.001278
-0.027623
0.000339
-0.021494
-0.041796
-0.002707
0.018515
0.006340
0.013839
-0.009822
-0.040033
-0.079291
-0.093768
-0.161691
-0.177212
-0.151300
-0.174222
-0.109412
-0.093937
-0.064073
-0.044488
-0.022806
-0.015311
-0.021448
-0.019900
-0.038846
-0.028413
-0.019784
0.028828
-0.014598
-0.064286
-0.102841
-0.125801
-0.091166
-0.093543
-0.148726
-0.182335
-0.172330
-0.192947
-0.224704
-0.233546
-0.221768
-0.179295
-0.137779
-0.263659
-0.312425
-0.356453
-0.395664
-0.391318
-0.351249
-0.351828
-0.378810
-0.382494
-0.360133
-0.356881
-0.345200
-0.298081
-0.329767
-0.299944
-0.330945
-0.356783
-0.316356
-0.264460
-0.294276
-0.287334
-0.267901
-0.231982
-0.200099
-0.232066
-0.244838
-0.262307
-0.267451
-0.271879
-0.299474
-0.286367
-0.231317
-0.172591
-0.148339
-0.104787
-0.062124
-0.064578
-0.062015
-0.102328
-0.096817
-0.131513
-0.137187
-0.103847
-0.118443
-0.125600
-0.125436
-0.131500
-0.133304
-0.099518
-0.066053
-0.061369
-0.028559
0.009477
-0.005218
-0.017304
0.035080
0.025145
-0.016521
0.015275
0.046931
0.005984
-0.044219
-0.026032
-0.020378
-0.011930
-0.004405
0.020449
0.034976
0.101052
0.064159
0.037242
0.019722
-0.004080
-0.019526
0.037109
0.090291
0.099193
0.051306
0.065907
0.085025
0.109476
0.102343
0.101651
0.086514
0.055166
0.065779
0.102937
0.125881
0.133589
0.106583
0.149812
0.181227
0.182944
0.207198
0.232398
0.212968
0.178177
0.189311
0.182165
0.136232
0.180279
0.208523
0.213564
0.212199
0.233250
0.226745
0.220178
0.240413
0.275885
0.272797
0.239278
0.249354
0.227143
0.212184
0.237070
0.232541
0.238412
0.198597
0.173976
0.173749
0.217765
0.253277
0.290723
0.289719
0.296461
0.319287
0.329526
0.382626
0.420274
0.414755
0.389613
0.366947
0.399191
0.423907
0.424765
0.400278
0.372895
0.383930
0.426092
0.440891
0.465276
0.476009
0.489473
0.524796
0.524886
0.520573
0.522504
0.534694
0.502243
0.523792
0.537744
0.560498
0.540416
0.533933
0.535358
0.514929
0.461734
0.470336
0.467944
0.444320
0.470001
0.462966
0.474748
0.509332
0.543297
0.538316
0.558497
0.584955
0.588915
0.581663
0.567840
0.528915
0.536064
0.553590
0.550396
0.619034
0.589965
0.563465
0.563303
0.609803
0.596433
0.577533
0.581327
0.611201
0.647620
0.627779
0.649231
0.686459
0.725862
0.750799
0.725138
0.690756
0.717902
0.732453
0.772106
0.788967
0.753412
0.762253
0.738661
0.746544
0.745060
0.754809
0.767621
0.809186
0.835018
0.838901
0.806848
0.775480
0.748206
0.732632
0.719677
0.676351
0.681703
0.662048
0.649085
0.658996
0.632163
0.622841
0.609838
0.633430
0.685784
0.658741
0.628344
0.628990
0.649017
0.661977
0.657485
0.647122
0.631233
0.622517
0.674394
0.628381
0.627275
0.653614
0.601927
0.576810
0.522132
0.506912
0.488050
0.479692
0.507060
0.498829
0.493823
0.539254
0.533836
0.505142
0.447950
0.453290
0.436050
0.429009
0.460919
0.494991
0.482714
0.466994
0.505718
0.527904
0.521772
0.478371
0.475019
0.453090
0.469425
0.431661
0.416156
0.424173
0.419291
0.434519
0.497476
0.541666
0.577541
0.581830
0.558538
0.579165
0.612668
0.603161
0.598474
0.613334
0.565856
0.573068
0.586092
0.562715
0.543542
0.481131
0.478560
0.475479
0.489788
0.485050
0.464149
0.485734
0.456893
0.403168
0.419308
0.408540
0.387785
0.370332
0.357998
0.351904
0.326887
0.305756
0.316376
0.312555
0.305887
0.337478
0.307232
0.319366
0.334218
0.344687
0.350046
0.378370
0.403132
0.408717
0.397355
0.422200
0.416225
0.424714
0.426383
0.396921
0.394154
0.384180
0.378059
0.416877
0.444328
0.457178
0.464558
0.445145
0.457907
0.512423
0.559066
0.548645
0.489570
0.453097
0.432685
0.439688
0.453748
0.449146
0.455455
0.479121
0.513338
0.493511
0.501819
0.466011
0.502359
0.510204
0.506601
0.526200
0.469101
0.462519
0.453032
0.421861
0.433266
0.422058
0.405304
0.413889
0.396136
0.402831
0.419580
0.413589
0.455856
0.437021
0.410113
0.429343
0.384020
0.357724
0.300352
0.303117
0.305000
0.307355
0.285549
0.264926
0.263483
0.260158
0.219033
0.238277
0.257434
0.286727
0.285426
0.302288
0.301604
0.327410
0.367953
0.326386
0.289661
0.304345
0.326341
0.292524
0.310721
0.283337
0.301398
0.313388
0.291401
0.302615
0.310310
0.297224
0.327696
0.379306
0.388801
0.379310
0.300926
0.295973
0.340362
0.377642
0.371461
0.354706
0.384556
0.392941
0.384855
0.380676
0.395463
0.398410
0.400997
0.410523
0.394235
0.402558
0.449644
0.480607
0.510810
0.456590
0.445083
0.417695
0.434199
0.384019
0.371717
0.407882
0.432240
0.432484
0.402701
0.395971
0.412441
0.433640
0.415511
0.384629
0.369664
0.372808
0.341327
0.367495
0.357181
0.374501
0.373254
0.377514
0.409935
0.392127
0.361097
0.376457
0.385441
0.424691
0.442466
0.476989
0.461167
0.452507
0.401754
0.363813
0.338656
0.359736
0.373809
0.340511
0.313196
0.352925
0.378851
0.379872
0.411335
0.403689
0.372584
0.373735
0.367704
0.343279
0.325809
0.251271
0.241043
0.233433
0.238662
0.193914
0.182259
0.221778
0.180114
0.166338
0.195513
0.162122
0.148164
0.149158
0.162949
0.161109
0.131446
0.130037
0.130866
0.128154
0.137935
0.120815
0.107924
0.132507
0.170511
0.152504
0.183739
0.206075
0.204365
0.225467
0.207973
0.211084
0.232780
0.232599
0.205382
0.201263
0.168558
0.131148
0.117100
0.083523
0.088199
0.097795
0.090284
0.103477
0.131725
0.113319
0.111635
0.144083
0.157666
0.154177
0.164639
0.189234
0.255409
0.255179
0.230605
0.217652
0.264007
0.261526
0.260752
0.264757
0.235669
0.240525
0.262208
0.284849
0.256602
0.278329
0.305273
0.290286
0.292222
0.301572
0.337320
0.310936
0.244040
0.231488
0.235176
0.183291
0.145038
0.168954
0.151214
0.179733
0.226643
0.237832
0.206584
0.196074
0.181870
0.134740
0.103280
0.069858
0.117519
0.153817
0.134936
0.098919
0.123018
0.112066
0.121113
0.153461
0.143181
0.153236
0.138505
0.120787
0.121563
0.097999
0.067947
0.048440
0.031909
0.068631
0.092165
0.102306
0.075752
0.067749
0.062557
0.061183
0.017876
0.043624
0.115956
0.129438
0.138249
0.156029
0.184842
0.206366
0.182825
0.148101
0.149488
0.115438
0.143016
0.111081
0.107250
0.134378
0.104181
0.091186
0.098098
0.071913
0.003776
0.017241
0.033609
0.022948
0.022062
0.089012
0.135084
0.096209
0.103327
0.115440
0.121589
0.130038
0.127781
0.169593
0.162801
0.146922
0.142882
0.174459
0.212877
0.250053
0.217408
0.220958
0.255068
0.247259
0.216870
0.187956
0.139166
0.120170
0.100888
0.049590
0.074249
0.055051
0.132308
0.071254
0.074681
0.109116
0.111457
0.186228
0.182713
0.168993
0.202053
0.219931
0.236475
0.162556
0.193773
0.227259
0.206692
0.202271
0.213993
0.189393
0.224353
0.281556
0.295619
0.298990
0.321174
0.252251
0.228736
0.234567
0.256068
0.260923
0.268193
0.271180
0.234376
0.190551
0.199960
0.190072
0.153042
0.139303
0.157565
0.181593
0.174894
0.142122
0.121357
0.097925
0.092089
0.106222
0.072252
0.123520
0.136154
0.186047
0.230629
0.220531
0.228271
0.224236
0.247556
0.275220
0.225338
0.186685
0.180481
0.191938
0.220671
0.181001
0.158627
0.104732
0.107548
0.099032
0.101024
0.071362
0.073249
0.116572
0.136746
0.189483
0.224364
0.252806
0.257095
0.254633
0.302508
0.310086
0.332069
0.342413
0.358101
0.324036
0.341319
0.296408
0.316228
0.307731
0.287605
0.217950
0.178962
0.247670
0.228738
0.222295
0.200057
0.216499
0.176581
0.190647
0.245214
0.226115
0.194137
0.228843
0.219246
0.198103
0.224457
0.195728
0.176236
0.165621
0.166912
0.181881
0.220088
0.236609
0.189602
0.184040
0.237592
0.273314
0.235264
0.239469
0.238147
0.202922
0.182311
0.173918
0.182495
0.179056
0.143013
0.118925
0.174172
0.171024
0.261932
0.281227
0.301663
0.352878
0.375721
0.381503
0.445210
0.496722
0.494140
0.437534
0.398991
0.416962
0.375762
0.379903
0.350562
0.352405
0.378440
0.353670
0.333430
0.331798
0.347965
0.380813
0.333251
0.321171
0.336681
0.314091
0.342236
0.359719
0.387004
0.428225
0.431715
0.391756
0.340246
0.313997
0.319429
0.343650
0.330454
0.338185
0.349022
0.385215
0.349569
0.327425
0.400161
0.417068
0.426449
0.406754
0.438508
0.404591
0.362623
0.356728
0.331601
0.294500
0.253499
0.229125
0.234936
0.257885
0.283010
0.328831
0.334881
0.329305
0.349804
0.356696
0.386759
0.376122
0.292315
0.287769
0.274596
0.271246
0.257498
0.272312
0.272426
0.310894
0.326267
0.369349
0.386874
0.397926
0.406871
0.464347
0.468471
0.523767
0.595171
0.631729
0.631494
0.667654
0.685728
0.725519
0.791735
0.825022
0.829989
0.858524
0.892216
0.871475
0.898264
0.855831
0.838659
0.867139
0.829193
0.810040
0.839302
0.777513
0.787269
0.761696
0.764877
0.728763
0.707353
0.733642
0.747050
0.704877
0.705619
0.740445
0.743870
0.699863
0.674821
0.683823
0.712426
0.703687
0.703977
0.724157
0.753630
0.756274
0.779108
0.817853
0.778065
0.745136
0.730331
0.721907
0.723606
0.710618
0.646583
0.637003
0.647367
0.626463
0.689155
0.729905
0.720358
0.720024
0.726432
0.705765
0.703909
0.666966
0.672980
0.688599
0.709041
0.675117
0.692530
0.707698
0.632186
0.613528
0.612062
0.656260
0.628251
0.576864
0.605479
0.624279
0.588696
0.548514
0.535450
0.522617
0.491290
0.504045
0.479436
0.519336
0.505196
0.470764
0.504030
0.487989
0.471592
0.448193
0.444742
0.444565
0.444317
0.422510
0.423105
0.380445
0.417808
0.448299
0.434202
0.420858
0.440892
0.455177
0.481475
0.455673
0.434132
0.458337
0.483343
0.515787
0.482572
0.479987
0.429153
0.382583
0.393430
0.427564
0.442045
0.436992
0.398593
0.377306
0.358428
0.372758
0.395076
0.422042
0.396609
0.432844
0.414166
0.427980
0.402386
0.390209
0.335545
0.345674
0.380129
0.354601
0.324672
0.306806
0.343587
0.365743
0.381868
0.345830
0.332340
0.317941
0.334162
0.364288
0.384437
0.421769
0.444510
0.458194
0.433847
0.453002
0.457707
0.419502
0.389270
0.386628
0.352625
0.325504
0.355493
0.343303
0.312508
0.303572
0.268033
0.262167
0.246071
0.255776
0.306774
0.295169
0.284539
0.310670
0.317244
0.312676
0.333059
0.356488
0.352312
0.352692
0.375578
0.353383
0.313141
0.308328
0.290649
0.276076
0.287304
0.277574
0.298335
0.269677
0.240868
0.223892
0.171998
0.213725
0.245100
0.281562
0.301933
0.301596
0.303287
0.313797
0.324879
0.289032
0.292574
0.322974
0.317742
0.310233
0.260018
0.197287
0.167877
0.194785
0.188356
0.195479
0.245591
0.280883
0.296459
0.286871
0.294189
0.302432
0.324025
0.354508
0.370596
0.288838
0.306746
0.289129
0.247408
0.268758
0.245860
0.238644
0.205661
0.208644
0.154050
0.122644
0.070850
0.069898
0.061648
0.047409
0.062949
0.134069
0.103112
0.096165
0.138465
0.134415
0.207185
0.207595
0.189005
0.191924
0.180320
0.151149
0.146950
0.115642
0.138177
0.154830
0.136332
0.145092
0.148507
0.180532
0.219284
0.241463
0.277673
0.243277
0.227291
0.236153
0.256406
0.220707
0.224310
0.237673
0.234072
0.252324
0.242110
0.273205
0.272079
0.282968
0.331188
0.298611
0.332178
0.293050
0.270404
0.267071
0.268473
0.250176
0.266099
0.275967
0.296612
0.260091
0.214526
0.227909
0.201009
0.200349
0.246793
0.221180
0.224908
0.198406
0.204552
0.192586
0.202106
0.153432
0.160242
0.139057
0.146195
0.135992
0.173789
0.186297
0.188394
0.156977
0.105081
0.090715
0.055379
0.043383
0.060619
0.028083
0.018005
0.018711
0.038132
-0.019485
-0.036410
-0.018594
-0.025310
-0.043160
-0.057673
-0.044872
-0.058614
-0.063683
-0.080916
-0.095403
-0.104610
-0.131677
-0.138844
-0.151237
-0.141916
-0.160149
-0.130509
-0.216994
-0.243793
-0.210257
-0.199372
-0.243320
-0.280119
-0.259453
-0.234597
-0.209573
-0.240549
-0.266944
-0.258235
-0.221589
-0.218327
-0.245217
-0.260527
-0.286848
-0.293544
-0.277687
-0.239908
-0.229816
-0.262655
-0.244194
-0.265452
-0.290161
-0.304871
-0.306199
-0.304941
-0.263019
-0.207963
-0.174255
-0.162512
-0.123372
-0.130583
-0.133250
-0.137680
-0.143440
-0.179284
-0.199499
-0.232101
-0.198897
-0.166487
-0.184190
-0.192712
-0.176764
-0.196018
-0.166313
-0.158390
-0.161666
-0.156625
-0.150516
-0.166926
-0.200557
-0.166795
-0.159144
-0.127316
-0.135784
-0.125625
-0.121325
-0.163287
-0.118362
-0.166895
-0.159344
-0.186584
-0.216000
-0.208948
-0.219430
-0.206689
-0.177277
-0.178563
-0.120741
-0.136154
-0.214110
-0.251538
-0.251282
-0.263340
-0.247892
-0.220846
-0.220745
-0.204939
-0.189007
-0.179579
-0.160280
-0.138208
-0.106671
-0.101283
-0.096187
-0.039973
-0.032866
-0.076468
-0.104591
-0.115958
-0.125422
-0.088172
-0.094211
-0.067403
-0.004328
0.000462
-0.043594
-0.024955
-0.054061
-0.089141
-0.038198
-0.076968
-0.087184
-0.007781
0.021814
0.042198
0.030847
0.041887
0.082563
0.096008
0.118592
0.144089
0.155469
0.104651
0.100600
0.051934
0.057223
0.106468
0.101692
0.141655
0.185221
0.177032
0.169357
0.149628
0.122348
0.083489
0.084332
0.075036
0.097449
0.136512
0.149979
0.138168
0.148661
0.175824
0.198257
0.214103
0.221895
0.209676
0.183627
0.133685
0.132368
0.105895
0.115569
0.075791
0.066056
0.072384
0.059358
0.063183
0.045395
0.096792
0.119410
0.126743
0.112855
0.058309
0.076049
0.068723
0.085822
0.080294
0.061774
0.079185
0.078707
0.068118
0.081418
0.074418
0.099785
0.128301
0.123790
0.127224
0.134698
0.134778
0.111260
0.144008
0.154429
0.144249
0.137980
0.126407
0.179455
0.170742
0.163375
0.160443
0.173884
0.161390
0.181445
0.192483
0.191809
0.171988
0.183170
0.217630
0.237533
0.241078
0.270646
0.260671
0.308252
0.326263
0.352917
0.379384
0.413750
0.348264
0.340106
0.363820
0.387223
0.414428
0.457842
0.463803
0.462103
0.436259
0.421097
0.379398
0.320569
0.330040
0.345698
0.343001
0.323730
0.312916
0.303378
0.277613
0.265317
0.279714
0.283005
0.293196
0.240928
0.220363
0.231627
0.285741
0.313551
0.352388
0.340952
0.349702
0.347248
0.392640
0.404668
0.417807
0.419474
0.379333
0.364311
0.363603
0.369891
0.340186
0.278239
0.245210
0.223939
0.275080
0.264187
0.262948
0.262996
0.191694
0.196184
0.198249
0.189279
0.198944
0.209265
0.153148
0.167817
0.138246
0.088389
0.099062
0.128785
0.131008
0.153956
0.167610
0.166877
0.185728
0.190096
0.198812
0.214623
0.206894
0.180197
0.146479
0.109664
0.091284
0.072339
0.039203
0.058482
0.026108
0.004881
0.039456
-0.012976
-0.074523
-0.064239
-0.104998
-0.131281
-0.118601
-0.074922
-0.053254
-0.031040
-0.013129
0.010756
-0.007937
-0.025845
-0.044946
-0.010844
0.028511
0.025311
0.029136
-0.028596
-0.087164
-0.090311
-0.096144
-0.111909
-0.140331
-0.178232
-0.159686
-0.175563
-0.163659
-0.195037
-0.185733
-0.194438
-0.189450
-0.254564
-0.313528
-0.343022
-0.357926
-0.368206
-0.383619
-0.334184
-0.311793
-0.264029
-0.252143
-0.270004
-0.328500
-0.355873
-0.364026
-0.347560
-0.309969
-0.307107
-0.240945
-0.207471
-0.188918
-0.195694
-0.119783
-0.090790
-0.090318
-0.077053
-0.038297
-0.042621
-0.063238
-0.082801
-0.071248
-0.066500
-0.072576
-0.069458
-0.070955
-0.102837
-0.148121
-0.201779
-0.239198
-0.254382
-0.294577
-0.330580
-0.352678
-0.329086
-0.325814
-0.301848
-0.263011
-0.271725
-0.234138
-0.236885
-0.249498
-0.230302
-0.266727
-0.268607
-0.255908
-0.273362
-0.238502
-0.247184
-0.204205
-0.203739
-0.218680
-0.246392
-0.226225
-0.206148
-0.192212
-0.172531
-0.208372
-0.183618
-0.212990
-0.213947
-0.241573
-0.267583
-0.238445
-0.314522
-0.324151
-0.351635
-0.338108
-0.289833
-0.281692
-0.321498
-0.337952
-0.345396
-0.319710
-0.338148
-0.342584
-0.345949
-0.360661
-0.350973
-0.351992
-0.296490
-0.283624
-0.312976
-0.207744
-0.204628
-0.220827
-0.197832
-0.132122
-0.128469
-0.086664
-0.058291
-0.058580
-0.041460
-0.025389
-0.004871
0.024988
0.011351
0.032750
0.003587
-0.008616
-0.017790
0.035156
0.041185
0.071433
0.096396
0.124281
0.125654
0.114171
0.120889
0.140772
0.154389
0.158074
0.133891
0.112269
0.128007
0.112559
0.100590
0.084508
0.088363
0.080019
0.050164
0.022688
0.048988
0.069962
0.095169
0.098905
0.068542
0.040834
-0.000810
0.046877
0.069995
0.045255
0.025764
0.012158
0.013817
-0.016642
0.005220
-0.000399
0.006555
0.013755
-0.011739
-0.047415
-0.047180
-0.104210
-0.115132
-0.110671
-0.093097
-0.082601
-0.134868
-0.083253
-0.055920
-0.057141
-0.065907
-0.085146
-0.106945
-0.067392
-0.080879
-0.068184
-0.101600
-0.116016
-0.075831
-0.073495
-0.092367
-0.090493
-0.047550
-0.019151
-0.034595
-0.036614
-0.029787
-0.029156
-0.059374
-0.055282
-0.046708
-0.031016
0.005342
-0.048399
-0.019436
0.020786
0.002254
-0.031959
-0.070696
-0.017771
-0.037483
-0.010952
0.016889
0.019420
0.002246
-0.014562
0.015072
0.072753
0.084896
0.043233
0.048301
0.037090
0.019438
-0.047317
-0.070900
-0.074126
-0.047670
-0.066910
-0.054275
-0.042246
-0.044381
-0.047235
-0.021771
-0.046353
-0.083095
-0.105199
-0.128060
-0.101225
-0.127403
-0.113388
-0.124668
-0.085653
-0.064672
-0.031384
-0.040063
-0.059524
-0.084130
-0.072925
-0.076314
-0.128419
-0.101493
-0.064674
-0.104318
-0.062218
-0.030881
-0.023952
-0.046516
-0.051865
-0.070224
-0.075806
-0.044367
0.011940
0.020312
0.015101
-0.004825
-0.054136
-0.045713
-0.065412
-0.076211
-0.059731
-0.086907
-0.099127
-0.105307
-0.113326
-0.090340
-0.096071
-0.151821
-0.146748
-0.177436
-0.170749
-0.228443
-0.239518
-0.233890
-0.212672
-0.223772
-0.242672
-0.273599
-0.293406
-0.310622
-0.328139
-0.286256
-0.295353
-0.303423
-0.301836
-0.263902
-0.257081
-0.234802
-0.236428
-0.261666
-0.279188
-0.323981
-0.311749
-0.289978
-0.332567
-0.324562
-0.328262
-0.342289
-0.366531
-0.398559
-0.380296
-0.368973
-0.329952
-0.285882
-0.283695
-0.265155
-0.241694
-0.222049
-0.221355
-0.155155
-0.154966
-0.188267
-0.187439
-0.234985
-0.258501
-0.238742
-0.254549
-0.217373
-0.200458
-0.170540
-0.232214
-0.237748
-0.272380
-0.232042
-0.195149
-0.199828
-0.189009
-0.126027
-0.089569
-0.026928
-0.043756
-0.071160
-0.060594
-0.047821
-0.042477
-0.003398
0.026301
0.010596
-0.038604
-0.083504
-0.103809
-0.141002
-0.172348
-0.147489
-0.120771
-0.111175
-0.146060
-0.202548
-0.219393
-0.186251
-0.161544
-0.193051
-0.230891
-0.239571
-0.181443
-0.206947
-0.202940
-0.179038
-0.184217
-0.239220
-0.233794
-0.222149
-0.211645
-0.201208
-0.194489
-0.175232
-0.181271
-0.168248
-0.170987
-0.170539
-0.139727
-0.160617
-0.159936
-0.145662
-0.098620
-0.113868
-0.122275
-0.126399
-0.145746
-0.133606
-0.108155
-0.088119
-0.063059
-0.060521
-0.041015
-0.058395
-0.086438
-0.123753
-0.156397
-0.204048
-0.214136
-0.207508
-0.202960
-0.188857
-0.146428
-0.131711
-0.167309
-0.160215
-0.122309
-0.098687
-0.128325
-0.121997
-0.078570
-0.059236
-0.040145
-0.090217
-0.051837
-0.060275
-0.107366
-0.140977
-0.092748
-0.095941
-0.095265
-0.134037
-0.202640
-0.257284
-0.255985
-0.239194
-0.212740
-0.233642
-0.238356
-0.201428
-0.193479
-0.192580
-0.189205
-0.210251
-0.159653
-0.184430
-0.199839
-0.208609
-0.207320
-0.174516
-0.165731
-0.187623
-0.184962
-0.203173
-0.165018
-0.175416
-0.171139
-0.221654
-0.230983
-0.213275
-0.224422
-0.225571
-0.195069
-0.190044
-0.185356
-0.187775
-0.177045
-0.197499
-0.247088
-0.255045
-0.297970
-0.294825
-0.297866
-0.310929
-0.282777
-0.305964
-0.317263
-0.294835
-0.304038
-0.269137
-0.271160
-0.295567
-0.296659
-0.261133
-0.290838
-0.297242
-0.294940
-0.268267
-0.276069
-0.289611
-0.315608
-0.339437
-0.350610
-0.331953
-0.351696
-0.317375
-0.290991
-0.281906
-0.335389
-0.342676
-0.354136
-0.364072
-0.368389
-0.391291
-0.437027
-0.418510
-0.414524
-0.404863
-0.419651
-0.446655
-0.405475
-0.421776
-0.409912
-0.411379
-0.380038
-0.402839
-0.457092
-0.453690
-0.416837
-0.396063
-0.407588
-0.410941
-0.440422
-0.410821
-0.387735
-0.405980
-0.458623
-0.474508
-0.498193
-0.506357
-0.567986
-0.588667
-0.567119
-0.574977
-0.539269
-0.491315
-0.478114
-0.455410
-0.447029
-0.448211
-0.427138
-0.410112
-0.417594
-0.414222
-0.438143
-0.451492
-0.416471
-0.399658
-0.398805
-0.402053
-0.459712
-0.485547
-0.499628
-0.500139
-0.484535
-0.462197
-0.491257
-0.480783
-0.469656
-0.480920
-0.518553
-0.554875
-0.585371
-0.590170
-0.611131
-0.588922
-0.558516
-0.549809
-0.557759
-0.535087
-0.538557
-0.542314
-0.511921
-0.543235
-0.563217
-0.496178
-0.476435
-0.512393
-0.522580
-0.478932
-0.482662
-0.491638
-0.494916
-0.503451
-0.477732
-0.462068
-0.454690
-0.437161
-0.405071
-0.354902
-0.393882
-0.408972
-0.364677
-0.367318
-0.358776
-0.367011
-0.365431
-0.345433
-0.305208
-0.274505
-0.288143
-0.269744
-0.272157
-0.259219
-0.235856
-0.210840
-0.250777
-0.227647
-0.224015
-0.275544
-0.283632
-0.328136
-0.342308
-0.385019
-0.448275
-0.456486
-0.462225
-0.446760
-0.443462
-0.400372
-0.398351
-0.430684
-0.461465
-0.481701
-0.505559
-0.520997
-0.528789
-0.566314
-0.560705
-0.559164
-0.574366
-0.570260
-0.597033
-0.602669
-0.643700
-0.651700
-0.663809
-0.667447
-0.617092
-0.649035
-0.677756
-0.695828
-0.692182
-0.668648
-0.714613
-0.731966
-0.790803
-0.818790
-0.807238
-0.809009
-0.839413
-0.868952
-0.861226
-0.897343
-0.947748
-0.952495
-0.947694
-1.000000
-0.999264
-0.977232
-0.996553
-0.937890
-0.908564
-0.892747
-0.906269
-0.883155
-0.886639
-0.864583
-0.888370
-0.894695
-0.883733
-0.890447
-0.915636
-0.924508
-0.872681
-0.806935
-0.795304
-0.792380
-0.775284
-0.776780
-0.763920
-0.764312
