-0.819406
-0.485370
-0.505301
-0.669682
-0.506564
-0.264150
-0.220564
-0.134830
-0.116924
-0.340685
-0.349680
-0.361716
-0.489864
0.123942
-0.638554
-0.501514
-0.279705
-0.182045
-0.550582
-0.463772
-0.143377
-0.369505
-0.363722
-0.309482
-0.576214
-0.646652
-0.747428
-0.650491
-0.198449
-0.590909
-0.612051
-0.121796
0.080598
-0.202222
-0.122277
-0.319351
-0.030236
-0.563458
-0.369243
0.040913
-0.269256
-0.165020
-0.158010
0.044856
-0.303252
0.048136
-0.338851
-0.051795
-0.125461
-0.502021
-0.475851
-0.259132
-0.292272
-0.006216
-0.072088
-0.130947
0.152958
-0.055778
0.331025
-0.512729
-0.454369
-0.068611
0.000338
-0.140793
0.292449
-0.199030
0.325160
-0.357269
0.197448
0.061403
-0.152127
0.204662
-0.131584
0.198265
-0.436732
-0.285357
-0.140710
0.102028
0.078651
0.322283
-0.106048
-0.022012
0.267306
0.259563
0.109886
-0.461528
-0.404123
-0.274575
0.152934
0.484943
-0.005863
0.005581
0.417927
0.110350
0.192842
-0.092636
-0.332725
-0.106212
0.366092
-0.294417
-0.156047
0.046438
-0.276610
-0.530689
-0.049564
0.035900
-0.041544
0.138961
0.177528
0.211947
0.130045
0.152956
-0.018578
-0.494494
-0.306564
-0.458691
-0.163620
-0.308073
-0.409177
-0.079382
0.144389
-0.029522
0.336654
-0.095801
-0.290272
0.180358
-0.115510
-0.079015
0.220502
0.031801
-0.210921
-0.082792
-0.273162
0.010877
-0.459260
-0.064457
0.036268
-0.422062
-0.452727
-0.367022
-0.088590
-0.199518
-0.365683
0.155683
-0.224382
-0.187141
0.026526
-0.002950
0.005878
-0.122147
0.130029
-0.516382
-0.294520
-0.320439
-0.123221
-0.376890
0.220087
-0.318676
-0.048338
0.102092
0.133660
-0.229886
-0.124033
0.190137
-0.346658
-0.394919
-0.572577
-0.215114
-0.317182
0.011014
0.162463
0.049899
-0.317222
0.540576
-0.356810
-0.180978
-0.211705
-0.034268
-0.137462
-0.115020
-0.052428
-0.254626
0.057664
-0.396755
-0.009172
-0.711347
-0.306477
-0.402559
0.279729
-0.204416
-0.292343
0.316912
-0.142610
0.098870
-0.312446
-0.040005
-0.133203
0.236824
-0.451047
-0.025400
0.616318
0.078957
0.319565
-0.201067
0.046377
-0.164080
0.289221
-0.218717
0.090657
-0.147531
0.010643
0.220371
-0.026901
0.199738
-0.436220
-0.141477
-0.197395
0.074496
0.223083
0.189698
-0.035174
0.001772
-0.135918
-0.254169
0.215890
-0.330676
-0.087620
-0.185561
0.079396
-0.564934
-0.681719
-0.481289
-0.469036
-0.471903
-0.275664
-0.560657
-0.043366
0.278836
-0.230059
-0.145846
-0.206729
-0.005850
-0.291173
-0.216904
0.203742
-0.545532
-0.231843
0.219415
0.093568
-0.316423
0.044658
-0.529654
-0.474846
-0.396093
0.181720
-0.858109
-0.417247
-0.150683
0.133494
-0.525214
-0.535843
-0.156096
-0.084744
-0.114352
-0.310620
0.068928
-0.201556
-0.123223
-0.458198
-0.419340
0.038914
-0.251254
-0.117182
-0.082139
0.342009
-0.298111
-0.335764
-0.062723
0.252386
-0.227862
-0.255195
-0.002762
-0.337630
-0.155713
-0.227077
-0.309014
0.110232
-0.687802
-0.247080
0.195816
-0.544036
-0.170124
-0.119829
-0.005313
-0.345348
0.119058
-0.006748
-0.105120
-0.108891
0.241414
-0.442474
-0.320008
-0.172049
0.049255
-0.124501
0.006452
-0.060340
-0.200297
-0.382973
-0.146472
-0.335565
0.156903
0.174270
-0.144666
0.204834
-0.201726
-0.251996
0.241744
-0.356017
-0.262542
0.232099
-0.093988
0.073863
0.093040
-0.134298
0.111761
0.307901
0.004226
0.173375
-0.088973
0.013944
-0.658431
-0.261594
0.039618
-0.377917
-0.336643
0.187906
0.147786
-0.197367
-0.246197
-0.078920
0.015180
-0.037257
0.392638
-0.447776
0.116569
-0.316950
-0.013680
0.280548
-0.125074
-0.261337
-0.007979
-0.068504
-0.446576
-0.283224
0.132923
-0.154569
0.066735
0.134075
0.222431
-0.024403
-0.396218
0.094060
-0.397883
-0.205439
0.091319
-0.363113
-0.252284
-0.220785
-0.451804
0.041205
-0.222987
-0.314595
-0.034416
-0.573294
-0.627263
-0.414923
-0.197640
-0.141246
-0.482128
-0.192563
-0.099989
-0.444523
-0.723393
-0.288905
-0.893112
-0.617289
-0.163762
-0.019634
-0.101038
-0.308933
0.002223
-0.301671
-0.269396
-0.079659
-0.577863
-0.779719
-0.374881
-0.126254
-0.083483
-0.214900
-0.525634
-0.451465
-0.341378
-0.049264
-0.059737
-0.002254
-0.174410
0.071057
-0.252136
-0.276378
-0.249367
-0.351166
-0.069213
-0.490990
-0.515664
-0.422812
-0.466363
-0.014698
0.215912
-0.351306
-0.282824
-0.002997
-0.164434
-0.246270
0.109939
-0.498984
-0.552017
0.060382
-0.396478
0.165772
-0.339322
-0.480831
-0.138222
0.009948
0.156503
-0.150410
-0.068710
0.203470
-0.319124
0.118072
-0.205990
-0.148791
-0.054516
-0.269385
0.109170
-0.796379
-0.454587
-0.146733
-0.192382
-0.407051
0.075935
-0.524988
-0.583458
-0.392971
-0.239256
-0.081540
-0.747083
-0.377484
-0.480557
-0.449315
-0.218183
0.101548
-0.298664
0.136559
-0.494726
-0.445278
-0.293375
0.026231
-0.608024
-0.454631
-0.323251
-0.005164
-0.442639
-0.261364
0.066878
-0.644448
-0.569259
-0.340453
-0.232376
0.037520
-0.497201
-0.241899
0.170475
-0.079354
0.023210
-0.671835
-0.397656
-0.066031
0.029399
-0.577230
-0.556119
-0.638665
-0.374805
-0.401084
-0.062481
-0.394047
-0.669518
-0.356589
0.254477
-0.387050
0.059224
-0.424953
-0.157367
0.429546
-0.164365
-0.230962
-0.081701
-0.441748
-0.060826
-0.281513
0.002778
-0.210578
-0.470884
-0.057835
-0.081626
-0.064762
-0.389019
0.145998
-0.088333
0.121575
-0.254909
-0.476774
-0.354808
-0.427806
-0.485815
-0.151631
0.014493
-0.394056
-0.491690
-0.535308
-0.153198
0.033322
0.200487
-0.098133
-0.020759
-0.138756
0.254099
-0.256092
0.120262
-0.148679
-0.122383
-0.065678
-0.336364
-0.044170
-0.526573
-0.602906
-0.107801
0.365591
0.150913
0.032802
0.109931
0.062993
0.027445
-0.353432
0.201181
-0.217231
0.363314
-0.538603
-0.304150
0.018521
-0.325613
-0.184694
-0.132161
0.141520
-0.251389
-0.234573
0.021059
0.025830
-0.019559
-0.469207
0.203125
-0.241197
-0.170029
0.198619
-0.464878
-0.261809
-0.115783
-0.039632
-0.507095
-0.402415
-0.500031
-0.461960
0.089753
-0.209195
-0.063335
-0.075158
0.186803
-0.356322
0.029726
-0.185355
0.029801
-0.383216
-0.019015
-0.043856
-0.038370
0.016751
-0.394598
-0.089604
-0.280738
-0.514419
-0.264879
-0.064093
-0.207434
-0.561628
-0.196330
-0.449439
-0.390634
-0.558669
-0.359225
0.085800
-0.559556
-0.616211
-0.464672
-0.515250
-0.075638
-0.148203
-0.196011
0.106518
-0.269604
-0.281325
0.099776
-0.342317
-0.594936
-0.258265
-0.081480
-0.167425
-0.581355
0.066874
-0.105527
0.395539
-0.391171
-0.029386
0.235154
-0.213876
-0.283674
-0.283204
-0.909541
-0.201054
-0.152880
-0.430767
-0.388327
0.144810
-0.320629
-0.543037
-0.443818
-0.219076
-0.198576
0.069511
-0.091780
0.036496
-0.558319
-0.093415
-0.043061
-0.078802
-0.024857
-0.276438
0.060427
-0.173359
-0.078191
-0.560317
-0.552240
-0.423294
-0.304475
0.118766
-0.447668
-0.487997
-0.176143
0.052224
-0.638824
-0.392289
-0.332041
0.149847
-0.274698
-0.308352
-0.420950
-0.206596
-0.135264
-0.052876
-0.404317
-0.198614
-0.301671
-0.333564
0.065358
-0.651350
-0.391410
-0.134806
-0.346250
-0.644211
-0.341623
0.104929
-0.577656
-0.365969
0.002939
-0.532314
-0.260158
-0.023255
-0.267946
-0.192697
0.179514
-0.325926
-0.137201
-0.365358
-0.308869
-0.101520
0.049197
-0.294314
0.040859
-0.154817
0.102140
0.142022
0.185220
0.172235
-0.211265
0.249443
-0.209503
-0.132890
0.190956
-0.312502
0.045416
0.285546
0.028632
0.115459
0.271821
0.170637
0.216820
-0.107173
-0.209209
-0.142941
-0.081134
-0.217492
0.251945
-0.024697
0.124031
0.031674
-0.212161
-0.085564
-0.259338
0.233837
-0.265763
0.046662
-0.348718
0.123888
-0.297805
0.230046
-0.200433
0.140608
-0.391028
0.082159
-0.035162
-0.065304
0.170520
-0.303475
-0.281234
-0.170322
-0.032894
-0.443384
-0.369935
0.122455
-0.230643
0.049079
-0.198202
-0.123032
0.147511
-0.465710
-0.237004
-0.265427
-0.084522
-0.011310
0.095000
-0.388511
-0.360780
0.029244
-0.215848
-0.050327
-0.617926
-0.543130
-0.145381
-0.222131
-0.640415
-0.396942
-0.408000
-0.350688
-0.404753
-0.489871
-0.179530
-0.175111
-0.221362
-0.228841
0.098152
-0.178479
-0.203875
-0.239263
-0.132423
-0.428634
0.247516
-0.350599
-0.529684
-0.621544
-0.444334
-0.557702
-0.205072
-0.106458
0.258077
0.058426
0.273801
-0.230317
-0.331882
-0.305069
-0.042567
-0.181539
0.322876
-0.126715
-0.108482
0.021830
-0.023459
0.289242
-0.356946
-0.321178
-0.368766
0.084543
0.181305
0.190375
0.077983
-0.105579
-0.066383
0.006101
-0.411704
-0.275490
-0.278219
-0.494821
-0.458615
-0.124079
0.149096
-0.212589
0.225405
-0.009849
0.143240
0.108586
-0.430062
-0.205023
0.006628
-0.444152
-0.298435
0.002140
0.268534
-0.386620
-0.333713
-0.025242
-0.075174
0.240587
-0.348546
0.422756
-0.358631
0.118545
0.244005
-0.124055
-0.022621
0.162326
-0.309191
-0.092174
-0.043750
0.255300
-0.425648
-0.259816
0.064385
0.232073
-0.112947
0.040461
0.125319
0.095076
0.371086
-0.309323
-0.044842
0.472877
0.179075
0.316425
0.379831
-0.199944
0.396491
-0.131276
0.263858
0.159295
0.353955
0.070721
0.454262
0.341319
0.096340
0.198323
-0.147165
0.141819
0.317249
0.413205
0.153480
0.047958
0.610433
-0.202660
0.095900
0.341569
0.003567
0.141350
0.442294
0.015333
-0.123012
0.446889
0.077929
0.392021
0.310641
-0.293482
-0.124481
0.002437
-0.159774
0.113367
0.330403
0.101685
0.337600
-0.094369
0.027551
0.377156
-0.001899
0.385674
-0.140571
0.321145
0.012727
0.202532
0.243711
0.002520
0.255276
0.078367
0.276144
0.434523
-0.018235
0.561006
0.116074
0.134861
0.389559
0.511072
0.004181
0.197313
-0.078074
0.228236
0.311249
-0.017994
0.161357
0.583183
-0.079398
0.036967
0.339255
0.405235
0.446470
0.723436
-0.068431
-0.087601
0.105159
0.490185
0.081469
0.369027
0.341632
-0.014982
-0.439897
-0.064002
-0.036262
0.462646
-0.274173
-0.100500
-0.187028
-0.324715
0.273300
0.145140
0.028039
0.248321
-0.010438
0.051282
0.188101
0.591659
-0.052815
-0.091679
0.021357
0.581243
0.010938
0.082144
0.246488
-0.388612
0.198139
0.484678
0.038048
0.039158
0.199716
-0.137572
-0.129628
0.257554
0.377456
0.093381
0.019785
0.360570
-0.244154
-0.186476
0.169496
0.114520
0.249739
0.498277
0.531657
0.343816
0.520262
0.022206
0.208126
0.388297
0.143678
0.366653
0.177568
0.281654
0.334844
0.240951
0.031072
-0.047453
0.008783
-0.223150
-0.008521
0.514726
0.315769
0.680153
0.147985
0.585570
0.299293
0.182002
0.533727
0.231065
0.364878
0.521641
0.119994
0.455645
0.790440
0.231778
0.068047
0.253108
0.756883
0.202045
0.302998
0.669243
0.416302
0.296090
0.447322
0.794300
0.585623
0.444663
0.503893
0.765599
0.268554
0.280320
0.346081
0.814936
0.805077
0.456287
0.386597
0.805007
0.682256
0.701394
0.570036
0.594104
0.578435
0.725557
0.647421
0.902085
0.483676
0.681678
0.655980
0.390233
0.278899
0.391713
0.386918
0.585415
-0.133611
0.093167
0.270940
0.527866
0.418531
0.500094
0.307395
0.334755
0.809647
-0.010966
0.218243
0.520158
0.386772
0.401364
0.489741
0.476340
0.608948
0.643605
0.365708
0.791324
0.301680
0.563261
0.558010
0.733497
0.388878
0.648546
0.552280
0.111174
0.204499
0.304488
0.613940
0.590029
0.327450
0.496834
0.439755
0.516677
0.608912
0.164095
0.332113
0.605708
0.381979
0.375118
0.778472
0.244870
0.225717
0.600429
0.834116
0.645612
0.819365
0.294596
0.200520
0.483692
0.754118
0.399886
0.602657
0.352567
0.800531
0.498958
0.610706
0.156578
0.013099
-0.063762
0.487761
0.446945
0.503384
0.637950
0.757391
0.116376
-0.013994
0.111494
-0.058739
0.233550
0.347556
0.752604
0.208932
0.027827
0.479750
0.603397
0.620970
0.624990
0.514389
0.755277
0.163884
0.362326
0.575246
0.682108
0.213640
0.760571
0.561078
0.290961
0.610992
0.535446
0.393709
0.468543
0.529320
0.378928
0.561420
0.286974
0.731477
0.531049
0.644681
0.222978
0.277773
-0.054621
0.156619
0.127509
0.328639
0.549052
0.868610
0.413223
0.183879
0.621228
0.744080
0.282704
0.252847
0.627237
0.110426
0.158648
0.377809
0.422628
0.298703
0.352781
0.139738
0.133969
0.260220
0.759976
0.565525
0.448965
0.063777
0.428847
0.315525
0.475942
0.213349
0.370755
0.537450
0.160492
0.626797
0.229069
0.206095
0.332136
0.021803
0.772804
0.188166
0.448684
0.125699
0.157685
0.353775
0.170616
0.363968
0.468299
0.253907
0.639712
0.629501
0.517785
0.280920
0.537412
0.171687
0.028291
0.263486
0.142065
0.717530
0.442046
0.632388
0.180222
0.041061
0.300304
0.400059
0.535659
0.229208
0.394830
0.404140
-0.095549
0.382008
-0.261116
0.083165
0.328216
0.199806
0.096899
0.428495
-0.108776
0.152844
0.073380
0.351210
-0.024004
0.137972
0.120332
0.202789
0.464269
-0.034767
0.364962
0.146063
0.410425
0.421999
0.496097
-0.043340
-0.130587
0.043400
-0.217301
-0.071974
0.133548
0.098446
0.361695
0.226578
0.326792
-0.070169
0.622473
0.004641
0.557240
0.079107
0.337265
0.303275
0.008342
0.718994
0.354442
0.345716
0.598594
0.860447
0.257616
0.591823
0.686926
0.309750
0.707278
-0.037433
0.245622
0.724891
-0.006838
0.438617
-0.202496
0.330579
-0.051735
0.480734
0.466512
-0.103255
0.510085
0.317132
0.536713
-0.087200
0.178977
0.680499
0.461875
0.407496
0.345312
0.010338
0.125954
0.106741
0.411125
0.194568
0.430679
-0.049758
0.020198
0.111707
0.126187
0.485888
-0.012464
0.502295
0.672475
0.509247
0.669152
0.726448
0.433862
0.391022
0.449876
0.519135
0.629975
0.085830
0.426259
0.332880
0.552132
0.265888
0.467748
-0.191431
-0.083199
-0.028749
0.019787
0.151575
0.242976
0.087937
0.155532
0.210893
0.033774
0.078263
0.507553
0.098692
-0.088222
-0.138188
-0.057913
0.106515
0.337962
0.111856
0.461830
0.084294
-0.289022
0.118839
0.241416
0.235244
0.433803
0.008746
0.104707
0.342041
-0.345244
0.015280
0.329009
-0.123260
0.051468
0.242470
-0.028627
-0.002541
0.172282
0.568377
-0.327775
-0.020190
0.253566
0.312073
0.221277
0.322046
-0.058240
0.431599
0.524962
0.369348
0.552892
0.179283
0.497888
0.690644
0.132642
0.108536
0.092485
0.352262
0.506270
0.414172
0.563954
-0.028312
0.499050
0.501812
0.506730
0.514127
0.552645
0.169269
0.027127
0.174140
0.059656
0.259035
0.887602
0.199942
0.655395
0.630052
0.398095
0.293309
-0.045190
0.097867
0.264873
0.634976
0.061992
0.442843
0.500105
0.339082
0.660842
0.009267
0.039451
0.519348
0.313433
0.112071
0.341035
0.480849
0.160377
0.514434
0.300743
0.599579
0.467393
0.640248
0.271005
0.735018
0.082502
0.332490
0.329783
-0.018337
0.111277
0.493323
0.306636
0.284832
0.555211
0.090139
0.236458
0.483048
0.139495
0.383295
0.434159
0.110106
0.490446
0.425502
0.194626
0.262361
0.047013
0.432690
-0.023948
0.114260
0.437778
0.320274
0.221532
0.185208
0.509585
-0.149176
0.075671
-0.219311
0.393884
0.396907
0.383439
0.168133
0.315500
0.106376
0.249233
0.412677
0.329277
0.157680
0.098413
0.315882
-0.044979
0.427954
0.269618
0.081609
0.470867
-0.000824
-0.131365
0.373014
0.244241
0.013466
-0.050978
0.502353
-0.071732
0.215592
0.556991
-0.165050
-0.138302
0.009949
0.256321
0.069969
0.411821
-0.079221
0.083191
0.422489
0.007899
-0.029975
0.414490
-0.115458
0.090800
0.109686
0.200094
-0.085878
0.312578
0.244408
0.039066
0.248374
-0.116319
-0.131992
-0.211231
0.302538
-0.232031
-0.390115
-0.152554
-0.263195
0.172553
0.037569
0.382152
-0.250383
-0.055958
-0.171989
-0.102418
0.124275
0.069905
-0.130870
-0.094700
0.096329
-0.033575
0.310402
0.152518
0.209105
0.248098
-0.154803
0.056478
0.084772
-0.113732
0.295487
-0.085560
-0.138246
0.113893
0.307035
0.377429
-0.205455
0.232496
-0.207769
0.288319
0.215766
-0.174182
0.234124
0.049065
0.093991
-0.273855
0.077200
0.028542
0.483792
-0.036209
0.159478
-0.053217
0.152322
0.114148
-0.183764
-0.273459
-0.090070
0.110270
-0.361481
0.084065
0.297185
-0.181062
0.123844
0.402357
0.032990
0.460277
-0.035108
0.314101
0.240486
0.274641
0.145015
0.350919
0.205875
0.439470
0.307066
0.275183
0.135573
0.378609
0.000030
0.543332
-0.437414
-0.072071
-0.088768
0.112959
0.050779
0.404820
0.639368
0.458995
-0.092557
0.200497
-0.181889
-0.153025
0.160668
0.351865
0.049937
0.325349
0.311197
0.285916
0.047214
0.187060
0.283673
0.183863
-0.549251
-0.191182
0.002270
0.297090
-0.210467
-0.126810
0.184585
-0.346976
-0.101652
0.250798
-0.167620
0.190150
-0.062526
0.255745
0.008767
0.268711
0.197045
0.350100
-0.235648
-0.380304
0.064495
-0.030223
0.280936
0.030924
-0.172417
-0.134548
-0.503653
-0.512260
-0.171647
-0.076450
0.216859
0.236901
-0.172375
-0.112871
-0.121972
0.308617
-0.075258
0.341693
-0.050325
0.260043
0.007512
0.311967
0.083779
0.344509
-0.029580
-0.083363
0.343190
-0.163108
-0.377057
-0.322270
0.345554
-0.291939
-0.000425
-0.410087
-0.353013
0.073292
-0.137312
-0.147845
-0.308864
-0.129804
0.112712
-0.115831
0.300608
-0.215830
0.092897
-0.364817
-0.605912
-0.420377
-0.302314
0.098779
-0.452120
-0.301578
-0.098585
0.283974
-0.009768
0.004435
0.114512
-0.466785
-0.390038
0.093486
0.067828
0.121091
-0.384238
-0.315634
-0.360895
-0.206865
0.278689
-0.435105
-0.199436
-0.177400
0.195260
-0.081817
-0.088441
-0.481729
-0.084375
-0.068404
0.043550
0.131472
0.260648
-0.131843
0.198915
0.416394
-0.130169
-0.173349
0.291330
0.358045
-0.011522
0.028435
0.486307
0.006908
0.147716
-0.231975
-0.052266
-0.053423
0.185817
0.088988
-0.071256
0.335859
-0.341673
-0.066063
0.134117
0.191626
0.022124
0.252603
-0.184394
-0.143648
0.201724
-0.086237
0.001624
0.289466
-0.020495
0.135222
0.128967
0.070234
0.172256
0.311017
0.422399
0.149595
0.340357
0.632098
0.180476
0.289046
-0.112328
0.004120
0.445427
0.142761
0.059538
0.479674
0.470664
0.205670
0.295993
0.001796
0.554113
0.169292
0.434789
-0.072796
0.116822
0.303510
-0.148511
-0.010732
-0.019988
0.256685
0.022615
0.189068
-0.182631
-0.215709
-0.231126
-0.027340
-0.310854
-0.291609
-0.079062
-0.216924
-0.167790
0.182046
-0.126389
-0.369015
-0.162846
0.203072
-0.028964
0.249442
-0.084680
0.126430
0.171206
0.335785
0.014976
0.316745
-0.021232
0.136465
-0.245585
-0.027313
0.197594
0.460779
-0.089668
0.412161
0.428606
0.600255
0.177718
-0.005989
0.164898
0.092724
0.307201
0.012377
0.259774
0.276561
-0.175715
0.074118
-0.170667
0.302599
0.096806
-0.127100
-0.439617
-0.109883
-0.244696
-0.052657
-0.130376
-0.047366
-0.200726
-0.309942
-0.249257
-0.109614
0.051316
-0.063239
0.278036
0.023069
0.198897
-0.146700
0.216969
0.022287
-0.303626
-0.037510
0.158906
-0.065886
-0.080283
0.157419
0.307227
0.161666
0.288604
0.018985
0.022543
0.239954
0.243629
-0.303190
-0.095591
-0.119618
0.394816
0.243550
-0.343960
-0.085523
0.211121
-0.116694
-0.081596
-0.097763
-0.148856
0.190082
0.068260
0.166495
-0.057439
0.088937
0.073807
0.083358
0.260377
-0.533232
-0.339935
-0.390008
0.114599
-0.040528
-0.009563
-0.121422
0.279687
-0.132947
-0.162231
-0.084901
-0.230434
0.009271
-0.377865
0.277923
-0.229006
0.127462
-0.327166
0.022310
0.142394
-0.210182
-0.113705
0.249722
-0.211276
0.125050
0.214887
-0.251056
-0.101616
0.019628
-0.397680
-0.249266
-0.240451
-0.156675
-0.387970
0.074372
0.234768
0.082124
0.145264
0.050499
-0.361798
-0.434438
0.288979
0.082334
0.126216
0.026393
0.144229
0.062056
0.198258
0.364447
-0.331336
-0.023239
-0.027857
0.295935
-0.285210
0.306233
-0.017679
0.051057
-0.187845
-0.032935
0.001226
0.415176
-0.203993
-0.228977
-0.374769
-0.171764
-0.425691
-0.143243
-0.110262
-0.189644
-0.192939
-0.201120
0.200302
-0.048658
0.310967
-0.109914
-0.021550
0.327386
-0.332078
-0.158619
-0.044296
0.628300
-0.164315
-0.271115
-0.274213
-0.142796
0.236821
0.152576
0.101663
-0.479198
-0.183694
-0.008240
-0.073426
-0.222348
0.036819
-0.259887
0.322098
-0.265153
-0.052208
-0.430864
-0.280718
-0.521149
0.044367
-0.268156
-0.154360
-0.454775
-0.030137
-0.369177
-0.139859
-0.022535
-0.142571
-0.193829
-0.236428
-0.216916
-0.477447
-0.009527
-0.077892
-0.371791
-0.103685
0.040565
0.199777
0.007099
-0.127862
0.025143
-0.462184
-0.383139
-0.463742
-0.162240
-0.387809
0.010517
0.130538
-0.227632
0.037778
0.150712
0.292008
-0.079649
0.249773
-0.262112
-0.004879
-0.060686
0.051690
-0.073469
0.124633
-0.333241
-0.235819
0.153946
-0.240763
-0.361739
-0.222613
0.099445
0.213106
-0.238473
0.435013
0.011328
-0.051105
0.081693
0.487401
-0.141473
-0.244649
0.208513
-0.315297
-0.210321
-0.061183
0.274376
-0.314862
0.317436
0.241654
-0.045413
0.206417
-0.305668
-0.346542
0.247617
-0.025019
0.144732
0.017166
-0.008495
0.273374
-0.089154
-0.202315
-0.137613
-0.124932
-0.126244
0.139702
-0.169058
-0.077189
0.174275
0.078094
-0.142984
-0.012592
0.031948
0.399045
0.087227
0.070194
0.130834
0.196868
0.384014
-0.359417
0.250531
0.242099
0.344801
-0.017091
0.428544
-0.021866
0.159297
0.225717
0.412884
0.409147
0.115527
0.398654
0.048267
0.216631
-0.043344
-0.083665
0.274448
0.236212
-0.298091
-0.257405
0.238676
0.120394
0.510875
-0.120485
-0.095613
0.160849
0.311277
0.031907
0.180890
0.147984
0.212154
0.278701
-0.021333
0.061246
0.067790
-0.055526
-0.203111
-0.130117
0.261822
0.462729
0.047750
0.032471
0.083008
0.506893
0.545649
0.231325
0.497701
0.317183
0.279974
0.372511
0.525942
0.320301
0.374299
0.514695
0.292218
0.568613
-0.023168
0.450947
0.119625
0.157038
0.430271
0.213984
0.350379
0.191594
0.636039
0.080507
0.394606
0.616918
0.345217
0.595789
0.207635
0.170629
0.439772
0.141102
0.111810
0.885969
0.070470
-0.009311
0.031061
0.647478
0.383208
0.434509
0.040795
0.361136
0.709441
0.110793
0.483820
0.361057
0.757607
0.372484
0.251364
0.134518
0.643105
0.191654
0.603890
0.870965
0.182189
0.602916
0.523217
0.347950
0.570966
0.324611
0.573630
0.467447
0.823734
0.633384
0.770744
0.246440
0.317390
0.603164
0.415363
0.442928
0.267576
0.398140
0.470929
0.377203
0.494631
0.128009
0.234762
0.484475
0.457047
0.429878
0.482907
0.069613
0.351901
0.681478
0.167953
0.189009
0.328770
0.435883
0.412546
-0.002079
0.066562
0.417960
0.230248
0.614343
-0.024584
0.297291
0.347127
0.051383
0.564367
0.019073
0.044222
0.676017
0.265025
0.494249
0.105055
0.420922
0.083035
0.293831
-0.020005
0.253520
0.390713
0.192288
0.484845
0.473162
0.636598
0.041381
0.471232
0.086806
0.624743
-0.149256
-0.158024
-0.018963
0.091567
0.268464
0.054976
0.155366
0.434959
0.685978
-0.018197
0.160945
0.588933
0.582780
0.267863
0.773725
0.059656
0.449159
0.611723
0.445155
0.597798
0.091144
0.465167
-0.046242
0.186462
0.434676
0.285076
0.537371
0.459330
0.093817
0.454869
0.223381
0.432700
-0.114230
-0.122233
-0.068418
-0.159597
-0.259896
-0.126305
-0.145544
-0.235842
0.130868
0.031507
0.337803
-0.055297
0.139624
0.340438
-0.055173
0.029841
0.072074
0.057301
0.545963
0.031652
0.310042
0.554061
-0.064214
0.186160
0.382669
-0.239746
-0.037696
0.029969
0.034495
0.131445
0.094932
0.375894
0.120507
0.412735
0.587442
0.462354
0.014428
0.187909
0.365802
0.212055
0.412025
0.007681
0.249622
0.723671
-0.032757
0.184550
-0.081468
0.496296
0.472069
0.403021
0.666131
0.280263
0.360650
0.459839
0.119020
0.526066
-0.010279
-0.029386
0.331318
0.337233
0.042498
0.428970
0.198428
0.655395
0.260508
0.377183
0.253422
0.130033
0.498479
-0.280709
0.023791
0.326077
0.121469
0.310367
-0.033116
0.302092
0.052955
0.005197
0.108535
0.261778
0.098104
0.245754
0.220767
0.324657
-0.058570
0.363480
0.341018
0.003962
0.360084
0.067441
-0.241843
0.109418
0.060284
0.358766
0.144952
0.238447
0.053687
0.389995
-0.117830
0.268592
0.403039
0.567729
0.203876
-0.167715
0.162526
0.025465
0.436537
0.389320
0.113572
0.490554
0.122047
0.309381
0.294841
0.301987
0.434522
0.057723
0.378058
0.287431
0.117648
0.568979
0.116786
0.491099
0.324906
0.399169
0.294350
0.371060
0.297544
-0.190493
0.146633
0.527744
0.280209
0.381444
-0.024387
0.279277
0.606994
0.125879
0.229730
0.334481
0.147082
0.139203
0.312455
0.319814
0.057975
0.190802
0.382700
0.130050
0.052176
-0.002949
0.426849
-0.123665
0.176530
0.367317
0.647052
0.394242
0.646756
0.082133
0.288258
0.049718
0.430942
0.125609
0.094831
0.180115
-0.025959
0.159883
0.297346
0.517513
0.484229
0.262306
0.441982
0.303282
0.462801
0.089343
-0.342442
-0.181800
-0.205192
0.006819
-0.174144
0.039065
0.433773
0.111898
0.068039
0.356303
0.154569
0.036524
0.233490
-0.078725
0.123065
0.206413
-0.251941
-0.219224
-0.233354
-0.015574
0.130069
-0.033585
0.176414
0.151089
0.146664
-0.021719
0.294318
0.234209
0.297237
0.304521
-0.094686
0.239042
0.499736
-0.164793
-0.026179
-0.048637
0.055963
0.228413
-0.162417
0.204975
-0.241381
-0.325224
-0.270843
0.014048
0.056735
0.090500
0.087014
0.358688
-0.261458
-0.241960
-0.258493
0.193336
0.260838
0.360207
-0.304597
0.077743
0.062846
0.336084
0.242425
0.272937
-0.192510
-0.112169
0.065510
-0.174391
0.144962
0.570911
-0.116898
-0.081262
-0.092414
0.243047
0.277538
0.226338
-0.052985
0.394228
0.137993
-0.034683
0.233375
0.050843
0.087370
0.487800
0.148345
0.173044
0.359548
0.075458
0.128705
0.062461
-0.096258
0.019888
0.474818
-0.110304
-0.292359
0.225609
0.133655
0.023429
0.449786
-0.169638
0.070737
0.274645
0.023840
0.384647
-0.209748
-0.303875
-0.309369
-0.397192
0.033683
0.334373
-0.095026
-0.276597
-0.220354
-0.122364
0.254477
-0.307523
0.062785
-0.047586
-0.122626
-0.022974
0.274303
0.142834
0.548020
-0.016169
-0.075256
0.398751
-0.263733
0.340263
0.123410
0.017068
0.463157
-0.171980
-0.005490
0.387131
-0.152492
-0.572427
-0.348044
-0.203555
-0.160259
-0.010231
-0.117784
0.272307
0.160354
-0.165149
0.048113
0.295581
-0.180128
-0.318659
-0.019233
-0.123995
-0.154773
-0.040552
0.317421
-0.079926
0.204256
0.066716
0.339759
0.069196
0.020046
-0.082293
-0.087795
-0.260722
-0.172632
0.082753
-0.044403
-0.187858
-0.558057
0.218432
-0.245235
0.123205
-0.165306
-0.309358
0.414864
0.322700
-0.037222
0.430789
-0.101855
0.146059
-0.478702
-0.140726
0.131347
0.201162
0.170403
0.300434
0.028287
0.151101
0.479480
0.281235
0.450774
0.243687
-0.229298
-0.205546
-0.086578
0.302815
0.332663
0.253244
0.546400
-0.050589
-0.160683
0.325530
0.143172
0.225498
-0.334584
-0.216518
-0.067986
-0.066752
-0.177123
-0.034214
0.165026
-0.290264
0.059924
-0.050781
-0.138436
-0.211051
0.235960
0.469335
0.177836
0.399442
-0.046591
0.330967
0.510609
0.322458
-0.072265
0.254499
-0.116356
0.380725
0.302729
-0.067757
-0.279249
0.193978
-0.073657
0.305249
-0.431699
-0.450965
-0.209504
-0.222091
0.223648
0.339415
0.218332
0.431848
-0.253934
0.052037
-0.080650
0.065626
0.120611
0.570298
0.153420
0.625160
-0.115050
0.441727
0.335722
0.488835
-0.041860
-0.019592
0.090420
-0.148803
0.013197
0.078098
0.382755
-0.051645
0.183891
0.189134
0.257146
0.086580
0.237551
0.399909
-0.289183
0.019400
-0.156943
-0.059073
0.186012
-0.103932
0.192784
0.121668
0.529686
-0.214187
-0.055224
0.408899
0.219079
0.087700
0.395588
0.029450
0.008179
0.259103
-0.254784
-0.083736
0.148309
0.176236
-0.507486
0.080485
-0.025542
0.108652
0.092409
0.337728
0.054307
0.146710
0.207374
0.520310
0.660507
0.742840
0.241143
0.338537
0.154537
-0.129363
0.198449
0.278787
0.043656
0.565936
0.032342
0.208987
0.241173
0.223555
0.630786
0.016078
0.287575
0.054881
-0.013952
0.428141
-0.101206
-0.026052
0.241749
0.470304
0.522025
-0.147213
-0.121229
0.182952
0.377408
0.199930
0.284951
0.200277
0.586656
0.091029
0.119774
0.141887
0.120627
0.419960
0.369753
0.294667
0.258828
0.366878
-0.011294
-0.023585
0.008630
0.166663
-0.114674
0.201549
-0.220640
-0.189233
0.110520
0.273065
0.314838
0.092515
0.287491
0.488419
0.564144
-0.008489
0.267530
0.025940
0.325290
-0.319020
-0.173351
-0.265369
0.131132
0.273487
-0.042113
-0.093823
-0.102727
-0.249360
0.075791
-0.190901
0.023516
0.397836
0.729574
0.054030
0.328725
0.518104
0.321807
0.850388
0.416712
0.414165
0.763847
0.708460
0.697637
0.638504
0.542800
0.622182
0.600500
0.629406
0.391803
1.000000
0.047738
0.497390
0.574742
0.354770
0.333307
0.485607
0.165870
0.321737
0.047726
0.242083
0.747553
0.349083
0.210987
0.412406
0.248138
0.723334
0.085612
0.095693
0.264246
0.689721
0.375238
0.710118
0.506537
0.263764
0.287914
0.572967
0.357498
0.710083
0.273523
-0.055045
0.122093
0.555331
-0.015337
0.659854
0.419893
0.507144
0.618237
0.443950
0.574596
0.378522
0.381348
0.390525
0.602812
0.408499
0.319680
0.664713
0.519502
0.249977
0.470561
0.064991
0.707718
0.538764
0.220945
0.472872
0.688671
0.399597
0.451975
0.056949
0.247696
0.332577
0.124120
0.000488
0.655145
0.130426
0.032869
0.659083
0.011139
0.041846
0.025564
0.348204
0.288654
0.481518
0.062653
0.518388
-0.252623
0.268199
0.561613
0.089421
0.225274
0.356338
0.353977
0.530727
0.389620
0.125628
0.474466
0.084642
0.503247
0.490419
0.180748
-0.002052
-0.040472
0.339080
0.028063
0.097448
0.227779
0.289100
0.239809
0.203290
0.133993
0.431909
0.122884
-0.205805
0.163859
-0.052717
0.292782
0.393895
0.247516
0.176945
-0.073837
0.435271
0.386068
-0.000781
0.138908
0.120613
0.433104
0.246008
0.245427
0.217833
0.194544
0.055464
0.437855
-0.085104
0.100785
0.265516
0.644081
0.023627
0.434444
0.634297
0.182246
0.375169
0.146450
0.253727
0.155848
0.339900
0.481057
-0.112085
0.118078
0.211719
-0.011904
0.163034
-0.064370
0.562767
-0.104883
-0.154354
0.195138
0.445905
-0.169403
-0.078121
0.032305
-0.043453
-0.081268
0.144798
0.098207
0.094449
0.433323
-0.127946
-0.182807
0.055938
0.172926
0.467880
0.195758
0.288156
-0.041958
-0.240802
0.288638
-0.126758
0.146283
0.477780
0.011414
0.205300
0.440464
0.121977
-0.024081
0.307635
0.215357
0.429715
0.322700
0.416324
-0.324306
-0.423271
-0.120156
-0.106059
0.123831
0.059756
0.416548
0.224828
0.366778
-0.044748
0.043920
0.401868
0.296901
0.813874
-0.315510
0.083660
0.160683
0.184860
0.170141
0.270822
0.267847
0.261648
0.086041
-0.046354
0.300850
-0.433082
-0.177095
0.065680
-0.080835
-0.012683
0.284565
0.201230
-0.391770
-0.049168
-0.211797
0.580851
0.054531
0.161416
0.371090
0.051795
0.160770
0.117499
0.101605
-0.210628
-0.100815
-0.218910
0.056430
0.194720
-0.180475
0.045498
0.253328
0.567810
0.170237
0.290491
-0.042041
0.415087
0.158585
0.131703
0.386930
-0.105215
0.252398
0.253978
0.051221
0.133266
0.336378
0.209055
-0.214804
0.194296
-0.115527
-0.140253
-0.117377
0.020691
0.029183
0.438259
-0.094539
0.124293
-0.064895
-0.296712
-0.025940
-0.122930
0.074583
0.521618
0.119521
0.470156
-0.150225
0.226767
0.296496
0.091065
-0.148748
0.379819
-0.185393
0.205198
0.113722
0.191031
0.455270
0.032413
-0.041177
-0.186728
0.148470
0.153469
-0.208458
0.306260
0.008057
0.170363
-0.118031
0.460618
-0.273874
-0.009267
0.134092
0.179342
-0.026273
0.125797
-0.197300
-0.223269
0.028748
0.191572
-0.305432
-0.147750
-0.025287
0.005407
-0.006029
-0.005301
0.035013
-0.009442
-0.601837
-0.619005
-0.324412
-0.090023
-0.048195
-0.372339
0.013837
-0.379001
-0.092340
-0.037742
-0.199794
-0.095348
-0.007788
0.221523
-0.407407
-0.299671
-0.185279
-0.141887
-0.224694
0.173119
-0.210243
-0.354631
0.184471
-0.332961
-0.185624
-0.091972
-0.405595
-0.230525
-0.199129
0.163040
-0.190909
-0.114764
0.376436
-0.284390
-0.268313
-0.270572
-0.144730
-0.136249
0.120919
-0.624104
-0.348184
-0.023709
0.098631
-0.359734
0.023880
-0.036633
-0.209694
-0.012383
0.132708
-0.276548
-0.066770
0.175449
-0.553097
-0.121362
0.059390
-0.076303
0.018692
0.119976
0.165817
-0.118853
0.149478
-0.010609
-0.158336
-0.078730
-0.043647
-0.297713
-0.183920
0.013971
-0.170618
-0.121620
0.356587
0.208570
-0.034353
-0.459274
-0.082273
-0.208246
-0.102013
-0.040338
-0.006519
-0.269827
0.033644
-0.136589
0.117537
-0.340236
-0.132951
0.050188
0.008042
0.182079
0.438827
-0.317227
-0.400440
-0.374197
-0.462074
-0.014594
0.061430
-0.361817
0.046105
0.269624
0.036554
0.029568
0.154068
-0.412789
0.368544
-0.295717
-0.188088
0.065218
0.298386
-0.099217
-0.198519
0.026503
0.323018
0.031869
0.370468
-0.032249
0.180820
0.036691
0.371218
-0.285080
0.024227
0.189394
0.185337
-0.139401
0.104500
0.086011
0.380114
0.114395
0.344261
-0.359567
-0.209938
-0.210286
0.157129
0.132277
0.418949
-0.238459
-0.204985
-0.057685
0.156976
0.471814
0.035285
0.057266
0.237804
0.188847
-0.104627
-0.221918
0.231741
0.153576
-0.231050
0.072738
0.181431
-0.199402
-0.383955
0.174792
0.374689
-0.002117
0.206763
0.050846
-0.172127
-0.240383
0.101729
0.308497
-0.350734
-0.180034
-0.146696
-0.072027
0.307897
-0.346120
-0.231001
-0.086519
-0.176022
-0.071080
0.204607
0.272717
-0.036034
0.331374
0.081458
0.283934
-0.093670
-0.057341
0.472565
0.018666
0.288256
-0.094496
0.303987
0.023006
0.343363
-0.049035
0.158506
0.205454
-0.247711
-0.043422
0.202112
0.293814
0.026858
-0.145622
0.416089
0.241476
0.479179
0.134778
0.703742
0.186178
0.196650
0.337292
0.294657
0.463660
0.340810
0.547468
0.518752
0.511278
0.300075
0.490747
-0.178780
0.258320
0.386735
0.346329
0.354967
0.138718
0.439990
-0.140299
-0.111210
0.277911
0.293320
0.379433
0.213141
-0.235933
-0.072009
0.458420
-0.098455
0.150047
0.001136
0.318697
0.292584
0.260330
0.471103
0.405030
0.680213
-0.015383
0.088352
0.399506
0.432081
0.551284
-0.090816
0.144046
0.052213
0.315880
0.404716
-0.075394
0.096537
-0.381324
-0.176399
-0.137445
-0.161651
0.021486
0.498970
-0.118636
0.455145
-0.173983
-0.444144
-0.297419
-0.016578
0.155608
0.163187
0.374877
-0.104900
0.228124
0.367676
-0.007766
0.312541
0.497055
-0.009671
0.088046
0.262770
-0.185855
-0.078895
-0.026157
0.309568
0.044142
0.064665
0.169235
0.182891
-0.286726
0.278227
-0.462512
-0.558036
-0.500035
-0.221601
-0.043120
0.259583
-0.245033
-0.074898
-0.184231
-0.086570
0.037026
-0.144715
0.312754
0.271393
0.304771
0.271359
-0.446876
-0.249124
-0.019625
0.214634
-0.334091
-0.558509
-0.250192
-0.340141
0.132155
-0.069394
-0.006848
0.123380
-0.102741
-0.310072
-0.197554
-0.251292
-0.172976
-0.310429
-0.273432
-0.445252
-0.468516
-0.050408
0.232693
-0.274355
-0.518152
-0.385413
-0.147916
-0.635912
-0.423292
-0.651674
-0.210087
0.012947
0.139645
-0.329657
0.358073
-0.166833
-0.237479
-0.177099
0.320668
0.235775
0.146611
0.041394
0.126710
0.219014
0.026555
0.310137
-0.106116
-0.159949
-0.118576
0.019084
-0.274245
0.114017
-0.471711
-0.432902
-0.257196
-0.278488
-0.072758
-0.489988
-0.170639
-0.162476
0.133763
0.007894
-0.037411
0.032851
-0.008000
-0.481430
-0.315097
-0.452749
0.124661
-0.231207
0.262674
-0.203986
-0.004712
-0.092871
-0.228974
0.114535
-0.153913
0.321072
-0.371080
0.213884
-0.050169
0.119680
-0.061542
-0.092062
0.047144
-0.236997
-0.183946
-0.166930
-0.573579
-0.235976
0.030769
-0.036228
-0.464324
-0.390707
0.144510
-0.487590
-0.330328
-0.035276
-0.448465
-0.079485
-0.489086
0.109936
-0.278868
-0.586246
0.400285
-0.328722
-0.453642
-0.311954
0.339966
-0.395106
-0.111382
0.190676
0.104270
0.075012
0.212050
-0.060325
0.416695
-0.165844
0.345025
0.050934
0.136448
-0.210067
0.393278
-0.288668
-0.119677
0.008419
0.418482
0.101770
0.288938
-0.087045
0.230421
0.406126
0.136460
0.290136
0.017520
0.444474
-0.154194
-0.105924
-0.030048
0.347910
-0.103699
-0.102355
0.003478
0.011026
0.307946
-0.087698
-0.038332
-0.192260
-0.184164
-0.427318
0.195379
0.394419
0.036908
0.264901
-0.294554
-0.158297
-0.369349
0.020153
0.211844
-0.137138
0.151694
0.304023
-0.371956
-0.118832
-0.370248
-0.052401
-0.040877
0.081892
0.157664
-0.199655
-0.118138
0.205235
0.101876
0.197294
-0.144815
-0.067689
0.044905
0.113482
-0.085971
-0.119293
-0.008083
-0.189241
-0.121268
-0.004846
-0.101691
0.201586
0.123934
0.221094
-0.271929
-0.203507
-0.024617
0.033169
-0.085962
0.191905
-0.320258
0.009587
-0.481655
-0.174958
0.316178
0.256140
-0.027979
-0.089347
-0.099735
-0.422725
-0.223254
-0.030473
0.217585
0.133052
-0.055668
0.125728
0.250154
0.546280
-0.285495
-0.108958
-0.113518
0.097614
0.031928
-0.241130
0.020857
0.011734
0.085232
-0.199714
0.067730
0.225577
-0.251319
0.179914
0.293994
-0.354191
-0.324562
-0.407426
0.159433
-0.078812
0.014778
-0.033936
-0.171343
-0.001738
0.397148
-0.131910
0.006156
0.106530
-0.259382
-0.197092
-0.583518
-0.372385
-0.046026
-0.356090
0.242504
-0.102892
0.114600
0.204611
-0.248704
-0.360685
-0.392887
-0.203784
0.362674
0.224094
0.356015
0.033469
0.018747
0.047544
0.202622
-0.363353
-0.144989
-0.315731
-0.244882
-0.047857
0.130710
-0.187256
-0.099086
-0.397814
0.098865
0.004008
-0.021887
-0.126016
-0.224979
0.045513
-0.278294
-0.351883
-0.360143
-0.466628
-0.451065
-0.365623
-0.260113
-0.000666
0.016372
-0.376334
-0.195817
0.083675
-0.091474
0.197865
-0.134572
0.009931
-0.030761
-0.158835
-0.353611
0.137178
-0.251147
0.005229
-0.190711
0.048398
-0.519496
-0.724974
-0.536295
-0.517241
-0.148032
0.118896
-0.213895
0.091883
-0.383287
-0.317356
-0.522940
-0.084790
-0.154661
-0.343531
-0.035941
-0.011642
-0.398848
0.117684
-0.415652
0.140016
-0.206344
0.403007
-0.382093
0.092605
-0.541574
0.017439
-0.095027
0.044116
-0.474102
0.010188
0.202070
0.050685
-0.172466
-0.357050
-0.275786
-0.231835
-0.305023
-0.081227
0.207672
0.441715
-0.069047
0.069284
0.036164
0.087924
-0.458419
-0.036367
0.227852
0.011664
0.172059
-0.276803
-0.059971
-0.360781
-0.174124
-0.364033
-0.502920
-0.588394
0.017375
-0.023169
-0.172043
0.243078
-0.211050
-0.574901
-0.354944
-0.093381
0.064930
-0.205557
0.055718
-0.102184
0.069716
-0.176463
0.042327
-0.098148
0.274478
-0.221504
0.095298
-0.327367
0.223583
0.177736
-0.192250
0.072092
-0.035071
-0.064707
0.180411
-0.137866
0.261586
0.036121
0.425408
-0.135051
-0.057182
0.112103
-0.080148
-0.036495
-0.504675
-0.447981
-0.440649
-0.408427
-0.027489
0.321770
-0.453120
-0.341817
0.075605
0.299910
-0.189619
0.076086
-0.168567
-0.141129
0.267764
0.014057
-0.068421
-0.090997
-0.151793
-0.106956
0.051477
0.215035
0.058912
0.234614
-0.237495
-0.165206
-0.454049
-0.209641
0.240272
-0.468811
-0.516598
-0.240996
-0.095250
0.142336
-0.268797
-0.495133
0.146048
0.142591
-0.386052
-0.431865
-0.456879
-0.255135
-0.146898
-0.152215
0.220903
-0.524376
-0.167509
-0.324535
-0.049507
-0.147049
-0.050300
-0.038742
0.087461
-0.454684
-0.178995
-0.014591
0.201367
-0.247537
0.097410
0.262912
-0.442187
-0.134228
-0.107876
-0.320604
-0.047960
-0.179003
0.091474
-0.086938
-0.188449
0.060857
-0.239444
0.210073
-0.248599
-0.199674
-0.009277
-0.187387
-0.417412
-0.242032
0.010677
-0.180731
-0.052894
0.150097
-0.395682
-0.325760
-0.104685
-0.196213
-0.168640
-0.169360
0.188991
-0.123387
-0.361384
0.039165
-0.283777
-0.001404
-0.219436
0.044956
-0.597530
-0.108969
-0.131457
-0.042694
-0.086291
-0.349458
0.064042
-0.229695
0.003069
-0.317600
0.233818
-0.382184
-0.674424
-0.525627
-0.077706
0.061681
-0.155716
0.080557
-0.549427
-0.077311
0.148238
-0.081297
-0.085067
-0.504319
-0.583870
-0.384262
-0.584644
-0.337304
-0.482212
-0.410434
-0.254879
-0.082078
-0.118139
-0.129733
0.024826
-0.431288
-0.092950
0.065962
-0.207935
0.128918
-0.527158
-0.640427
-0.400486
-0.320329
-0.207813
0.194486
-0.415130
-0.128355
-0.433410
-0.130513
-0.413442
0.042325
-0.265868
-0.063010
-0.147199
0.104157
-0.543544
-0.608122
-0.677694
-0.454519
-0.343825
-0.478944
-0.060115
-0.400925
-0.273661
-0.119154
-0.162639
-0.305089
0.062416
-0.391309
-0.334177
-0.388463
-0.296560
-0.431331
-0.241937
-0.242259
-0.070443
-0.277426
-0.039270
-0.657093
-0.467352
-0.311388
-0.064233
-0.440007
-0.171059
0.329644
-0.399757
-0.295957
0.136596
-0.243340
0.116473
-0.455499
-0.381200
-0.089804
-0.009129
0.238081
-0.233250
0.201841
-0.323237
-0.096558
0.216528
-0.088556
-0.461448
-0.214134
-0.096271
-0.371572
-0.025651
0.033369
-0.272351
-0.218700
-0.214826
-0.486416
-0.312670
-0.002242
-0.503731
-0.002978
0.205718
-0.391949
-0.351484
-0.068346
-0.290050
-0.056190
-0.475673
-0.700866
-0.537439
-0.402847
-0.255758
-0.032481
-0.367147
0.019136
-0.724764
-0.641512
-0.655681
-0.676513
-0.007822
-0.119930
-0.507880
-0.285032
-0.377326
0.111989
-0.642373
-0.366518
-0.354495
-0.702472
-0.243842
-0.429660
-0.244924
-0.809496
-0.426964
-0.269854
-0.930334
-0.706355
-0.236539
-0.960057
-0.648950
-0.362686
-0.892902
-0.243659
-0.734982
-0.622520
-0.690605
-0.206288
-0.705798
-0.240870
-0.420165
-0.490000
-0.287826
-0.546963
-0.411142
-1.000000
-0.662009
-0.093560
-0.487699
-0.277222
-0.412769
-0.231902
-0.632742
-0.619010
