1.147795
1.170823
1.194543
1.184093
1.217962
1.212596
1.216168
1.183090
1.168125
1.194553
1.200123
1.169555
1.155495
1.131244
1.105983
1.115092
1.143567
1.130265
1.128527
1.116462
1.102071
1.101685
1.105324
1.119251
1.104190
1.090644
1.070108
1.049109
1.090200
1.082584
1.078250
1.071997
1.085822
1.056548
1.038773
1.060968
1.040025
1.023189
1.032024
1.048367
1.069140
1.085092
1.065586
1.074234
1.058921
1.066567
1.044974
1.018165
1.052165
1.080512
1.085723
1.094527
1.069292
1.084823
1.056650
1.059037
1.068082
1.063109
1.054409
1.061511
1.039161
1.040421
1.057971
1.039413
1.042499
1.028733
1.043198
1.022986
1.025156
1.002776
0.997404
0.984484
0.973036
0.985723
0.983495
1.009630
0.989379
0.968106
0.966098
0.957699
0.994769
1.014416
0.989693
0.993424
0.986653
0.997581
0.979597
1.013591
1.042683
1.059535
1.045095
1.057731
1.086426
1.097057
1.050341
1.051731
1.056533
1.075503
1.046168
1.032331
1.028003
1.030373
0.996950
1.019110
1.047689
1.033110
1.005325
1.005296
0.995322
1.005248
0.999573
0.994196
1.042405
1.063202
1.063575
1.067674
1.027692
1.026743
1.029778
1.027412
1.009175
0.983283
0.999845
0.992257
1.041052
1.029833
1.004462
1.016643
0.985331
0.980775
0.978653
0.989985
0.998976
1.003464
0.993389
0.984391
1.000416
0.976442
0.951628
0.948920
0.949324
0.944448
0.960957
0.980034
0.974682
0.961670
0.988518
1.021915
1.028762
1.035719
1.004878
1.011546
1.035303
1.052360
1.021128
1.024060
1.016724
1.010475
0.991623
1.002374
0.986053
0.986845
0.969162
0.965697
1.010784
1.005183
0.987317
0.990474
0.978673
0.971683
0.998550
0.976395
0.960839
0.969895
0.948571
0.941294
0.948593
0.962525
0.944817
0.947306
0.953917
0.966869
0.946064
0.937650
0.912883
0.927160
0.922080
0.909192
0.924945
0.922580
0.939958
0.959382
0.973837
1.002251
1.011755
0.998871
1.045019
1.028178
1.009838
1.002726
0.986766
0.977720
0.958660
0.988875
1.005397
1.033918
1.019170
1.009347
0.977103
0.978226
0.978793
0.972213
0.991831
0.979699
0.965850
0.966849
0.993233
0.973846
0.961851
0.978794
0.975853
0.990190
0.955483
0.972978
0.961511
0.940954
0.975509
0.942460
0.921098
0.908891
0.923144
0.945580
0.963379
0.945924
0.941345
0.920966
0.926843
0.930637
0.904312
0.896163
0.949176
0.940365
0.931174
0.955245
0.972657
0.990079
0.962017
0.931196
0.898589
0.902388
0.913341
0.915577
0.918862
0.924351
0.894009
0.875878
0.849247
0.855513
0.856166
0.861711
0.849595
0.836165
0.817239
0.852452
0.880174
0.893487
0.870034
0.875098
0.842760
0.815236
0.824774
0.845189
0.848740
0.840653
0.821785
0.815005
0.806684
0.810141
0.791224
0.793341
0.780238
0.779641
0.783313
0.789772
0.797903
0.775503
0.756486
0.765125
0.770748
0.763172
0.781800
0.805389
0.817995
0.807376
0.800960
0.810821
0.836978
0.834649
0.866475
0.854171
0.842343
0.846405
0.830422
0.844584
0.858381
0.864752
0.843617
0.860554
0.877494
0.868446
0.868678
0.886562
0.900297
0.911924
0.895972
0.861911
0.845468
0.861976
0.867317
0.886417
0.886193
0.893115
0.918610
0.894396
0.890299
0.876468
0.896974
0.896031
0.880829
0.884734
0.895668
0.876215
0.842822
0.869542
0.879467
0.872430
0.859949
0.870090
0.884076
0.884500
0.871511
0.880806
0.865084
0.864570
0.905958
0.899850
0.884079
0.865824
0.871865
0.847312
0.874386
0.882857
0.913441
0.926306
0.910686
0.909303
0.910852
0.936655
0.913766
0.928611
0.938058
0.964534
0.963667
0.952778
0.999006
0.973827
0.969509
0.947206
0.928133
0.929006
0.933638
0.919696
0.894814
0.887161
0.900365
0.876477
0.854548
0.836638
0.832866
0.853470
0.842541
0.860780
0.866102
0.878863
0.884245
0.910024
0.880226
0.872509
0.880543
0.889576
0.889593
0.908168
0.922469
0.929543
0.893835
0.902574
0.877357
0.880727
0.900365
0.917606
0.872934
0.832383
0.839181
0.849489
0.841805
0.840209
0.851964
0.869344
0.850532
0.849647
0.867257
0.841441
0.828054
0.806597
0.817668
0.836210
0.822021
0.841224
0.852180
0.843893
0.827002
0.841138
0.849998
0.858643
0.888410
0.873430
0.875297
0.889120
0.862672
0.840734
0.851791
0.856898
0.854747
0.837495
0.846597
0.840570
0.842922
0.820320
0.797766
0.799021
0.792998
0.806128
0.813525
0.799729
0.778869
0.771053
0.776471
0.797920
0.814026
0.825978
0.823750
0.814809
0.820409
0.809324
0.805479
0.805124
0.810646
0.833810
0.826625
0.849725
0.835733
0.848891
0.854593
0.865424
0.877120
0.872589
0.904496
0.884354
0.872827
0.843620
0.828456
0.836056
0.820362
0.841641
0.856514
0.841629
0.851043
0.823505
0.808749
0.823044
0.814347
0.832593
0.820049
0.818580
0.793013
0.801761
0.809224
0.820750
0.810368
0.815258
0.793585
0.777559
0.779249
0.775829
0.745857
0.760074
0.756721
0.742724
0.757011
0.763932
0.765340
0.774048
0.790460
0.798447
0.788194
0.769163
0.748608
0.751026
0.727152
0.745765
0.765478
0.768458
0.794881
0.803795
0.821034
0.801565
0.780787
0.792104
0.810280
0.795190
0.810340
0.821888
0.799031
0.813862
0.814427
0.799364
0.792507
0.797461
0.765702
0.764650
0.780560
0.778161
0.784628
0.784037
0.768433
0.757881
0.793469
0.804783
0.800488
0.769147
0.753731
0.744241
0.758395
0.780552
0.796230
0.819360
0.815750
0.821299
0.780588
0.795490
0.813661
0.805066
0.829661
0.820309
0.824992
0.818380
0.816236
0.832978
0.850830
0.876070
0.855125
0.837248
0.852769
0.854727
0.844909
0.855210
0.830327
0.808171
0.808833
0.808823
0.781679
0.768206
0.750750
0.762956
0.768390
0.750473
0.727513
0.725562
0.709070
0.691440
0.709482
0.726003
0.741091
0.734245
0.727740
0.737667
0.733872
0.758571
0.762043
0.748056
0.766417
0.769660
0.791025
0.785054
0.779463
0.763087
0.774717
0.775883
0.750176
0.749302
0.778793
0.797651
0.799334
0.824983
0.805908
0.810967
0.788620
0.794793
0.806005
0.799304
0.828109
0.822768
0.796615
0.816177
0.829818
0.822792
0.848809
0.835917
0.859251
0.872912
0.866597
0.856070
0.835285
0.830515
0.830142
0.840596
0.843066
0.842153
0.858850
0.858098
0.835699
0.849800
0.832037
0.813492
0.811901
0.810960
0.839826
0.826418
0.827300
0.840700
0.847498
0.840329
0.843837
0.837502
0.863871
0.863093
0.882205
0.898716
0.885502
0.897224
0.882269
0.872672
0.896932
0.873136
0.854731
0.859827
0.855169
0.837286
0.829840
0.821821
0.829541
0.819614
0.826129
0.844481
0.840477
0.830561
0.831240
0.807773
0.809028
0.792350
0.804711
0.818349
0.829207
0.844721
0.824618
0.820580
0.845147
0.858705
0.855702
0.848549
0.849869
0.880643
0.891083
0.904258
0.868634
0.855826
0.888033
0.868939
0.872551
0.857138
0.852388
0.866195
0.875203
0.888447
0.905525
0.912913
0.923891
0.946929
0.922160
0.924144
0.902355
0.902898
0.915320
0.931271
0.914809
0.936617
0.929280
0.924210
0.906800
0.916117
0.885430
0.894965
0.915127
0.908492
0.929974
0.934408
0.953176
0.949177
0.969068
0.950528
0.912023
0.887752
0.901670
0.877127
0.878355
0.908716
0.911663
0.925110
0.888170
0.889863
0.876841
0.886054
0.848487
0.843007
0.832079
0.852000
0.890094
0.865385
0.833081
0.837379
0.838858
0.822203
0.806722
0.802603
0.826492
0.840343
0.809565
0.821121
0.820529
0.810020
0.786570
0.786367
0.791172
0.801776
0.783073
0.763002
0.795490
0.774894
0.758777
0.770242
0.762931
0.747298
0.728409
0.744616
0.727541
0.741687
0.768281
0.761160
0.735635
0.757394
0.751721
0.750355
0.758337
0.781199
0.788324
0.799826
0.810213
0.819110
0.811984
0.796417
0.791209
0.776446
0.771761
0.795655
0.805203
0.813647
0.814530
0.802790
0.798012
0.790476
0.791982
0.819723
0.832206
0.822643
0.829987
0.820296
0.805638
0.823491
0.845382
0.835605
0.874024
0.879181
0.868778
0.886612
0.880291
0.875407
0.904703
0.899680
0.886258
0.869864
0.895374
0.888768
0.871085
0.843058
0.836700
0.851136
0.837412
0.834111
0.856640
0.859670
0.859793
0.858520
0.879078
0.855515
0.818700
0.819951
0.802461
0.819811
0.826602
0.823270
0.838530
0.845629
0.846091
0.853511
0.857838
0.835402
0.834260
0.842620
0.839708
0.860092
0.810510
0.808740
0.794959
0.795165
0.807527
0.821706
0.833004
0.833063
0.806061
0.787728
0.792354
0.804825
0.807976
0.797212
0.773922
0.768983
0.792635
0.807832
0.803555
0.811638
0.805788
0.821684
0.830180
0.820384
0.793142
0.792749
0.782341
0.786376
0.793300
0.790471
0.805609
0.804433
0.788979
0.805458
0.814937
0.806805
0.792291
0.804989
0.786560
0.780921
0.771532
0.755446
0.768522
0.777173
0.750177
0.758200
0.749251
0.744995
0.770345
0.785649
0.764604
0.740182
0.752630
0.779120
0.771200
0.785970
0.779018
0.792541
0.793095
0.806972
0.789630
0.810032
0.815350
0.828529
0.811868
0.802682
0.815654
0.820579
0.790464
0.807684
0.806927
0.805031
0.829118
0.827443
0.836805
0.831044
0.814490
0.797409
0.797992
0.806407
0.799688
0.776701
0.770312
0.778679
0.784091
0.772425
0.791083
0.804121
0.811417
0.794276
0.805480
0.813451
0.797818
0.801119
0.782025
0.799137
0.815534
0.804982
0.802875
0.823027
0.819719
0.810668
0.831088
0.851653
0.821583
0.800223
0.790260
0.783993
0.776242
0.773046
0.787353
0.775584
0.768428
0.756029
0.756729
0.773868
0.775120
0.789197
0.800082
0.780191
0.776801
0.797732
0.794028
0.795313
0.799438
0.793008
0.783402
0.766399
0.769731
0.752538
0.754391
0.761435
0.774652
0.762795
0.756860
0.747116
0.768853
0.781994
0.792533
0.779342
0.760646
0.769087
0.767065
0.784271
0.775593
0.748562
0.740442
0.734368
0.721054
0.726850
0.698218
0.698329
0.692251
0.705903
0.718263
0.730378
0.702248
0.699420
0.724138
0.713163
0.719202
0.741926
0.748836
0.758199
0.747226
0.731005
0.732485
0.750929
0.773459
0.763043
0.783320
0.774289
0.776749
0.796451
0.776048
0.770700
0.764698
0.778687
0.779511
0.785973
0.768955
0.786717
0.783964
0.787989
0.860594
0.865294
0.902980
0.909073
0.885536
0.873132
0.906438
0.899188
0.916143
0.937210
0.941062
0.942935
0.962352
0.949925
0.975244
0.955547
0.928337
0.927766
0.909294
0.890177
0.871931
0.866290
0.892244
0.887768
0.865566
0.874644
0.887874
0.881434
0.866650
0.844642
0.852516
0.867462
0.868269
0.871277
0.847493
0.867680
0.838935
0.819939
0.837302
0.847549
0.888523
0.889810
0.874428
0.898194
0.883666
0.849792
0.867687
0.872349
0.895297
0.924158
0.904854
0.896249
0.872066
0.885337
0.901280
0.906695
0.922131
0.949008
0.920442
0.904077
0.941489
0.928384
0.913276
0.925171
0.940154
0.926791
0.915887
0.900427
0.917007
0.914640
0.931680
0.923857
0.955568
0.975509
0.940898
0.966490
0.961672
0.950452
0.959959
0.978363
1.012055
0.987319
0.980275
0.982931
1.030563
1.029814
1.024548
1.005070
1.010872
1.003400
1.016986
1.029997
1.004704
0.990086
1.004268
1.029390
1.040890
1.010802
1.011978
1.027337
1.024186
1.001099
1.026209
1.021196
1.046815
1.047334
1.072287
1.096316
1.107343
1.088900
1.078744
1.093073
1.053295
1.041267
1.047666
1.058623
1.034541
1.044529
1.020495
1.016535
1.039001
1.063873
1.045782
1.059917
1.069999
1.079023
1.117007
1.093997
1.076701
1.090133
1.075011
1.094817
1.116470
1.121127
1.115417
1.114296
1.133147
1.125658
1.121022
1.121615
1.124047
1.150581
1.170696
1.151107
1.157319
1.182301
1.197950
1.208168
1.160476
1.168367
1.141061
1.162235
1.152870
1.175195
1.187310
1.162610
1.163055
1.150783
1.133576
1.133441
1.106353
1.122467
1.128591
1.129223
1.118819
1.112435
1.106623
1.114104
1.099815
1.094385
1.099586
1.107682
1.077346
1.082145
1.059772
1.051706
1.109527
1.111472
1.152804
1.134774
1.101768
1.110596
1.119844
1.104174
1.092192
1.096449
1.069346
1.076725
1.100491
1.086291
1.099879
1.102404
1.069117
1.047286
1.053872
1.059276
1.059785
1.048266
1.063794
1.071819
1.034973
1.051899
1.064105
1.048258
1.030480
1.001802
1.048012
1.047280
1.057157
1.052115
1.066632
1.091975
1.061863
1.059555
1.022814
1.046187
1.089312
1.092140
1.092984
1.062536
1.077658
1.060630
1.048798
1.028360
1.009893
1.017425
0.997406
1.006817
1.034123
1.014639
0.984630
0.991858
0.954756
0.963613
0.958689
0.956170
0.988035
0.974112
0.959266
0.967736
0.946928
0.952712
0.962532
0.978540
0.987699
1.012078
0.995932
0.971015
0.983696
0.980834
0.992200
0.984433
0.997472
1.023738
1.040186
1.015684
0.995928
0.997715
1.003648
0.983798
0.982344
0.967334
0.955165
0.927797
0.949989
0.940260
0.935138
0.923706
0.906634
0.916855
0.895913
0.872511
0.887958
0.894411
0.892348
0.893241
0.917147
0.893553
0.880145
0.877574
0.905407
0.918940
0.884933
0.906324
0.875501
0.883736
0.902113
0.882067
0.865458
0.870872
0.850664
0.853384
0.856919
0.866058
0.878298
0.872098
0.898043
0.879088
0.859597
0.865061
0.839641
0.859059
0.838287
0.825133
0.832706
0.844869
0.838080
0.847056
0.829400
0.830943
0.819138
0.827383
0.846358
0.861527
0.865109
0.857512
0.839450
0.861289
0.833982
0.839362
0.859090
0.879317
0.849266
0.848593
0.853052
0.864464
0.869126
0.867385
0.875217
0.884043
0.861785
0.883595
0.876059
0.873531
0.855899
0.847835
0.797497
0.815096
0.832871
0.840160
0.875163
0.857486
0.857568
0.836274
0.845517
0.859784
0.853627
0.860980
0.837897
0.831002
0.850345
0.834116
0.845007
0.867280
0.896718
0.878721
0.861442
0.857620
0.882352
0.893947
0.907355
0.905393
0.907610
0.895962
0.920926
0.924624
0.936521
0.907633
0.852950
0.853083
0.854757
0.845148
0.878432
0.899238
0.880003
0.893557
0.913783
0.901959
0.893327
0.912330
0.927831
0.960785
0.942023
0.960821
0.989685
0.981539
0.966678
0.979425
0.975695
0.955251
0.940647
0.958869
0.972858
1.003661
0.981562
0.989101
1.001507
1.011003
1.012300
1.000637
0.974158
0.967474
0.979060
0.958102
0.998351
0.992133
0.979283
0.986362
0.977086
0.966404
0.977675
0.991959
1.004731
1.016365
0.984516
0.979497
0.934631
0.937499
0.926860
0.922131
0.963985
0.963068
0.935284
0.955830
0.955770
0.970760
0.976927
0.981223
0.975335
0.996968
0.985661
0.982961
0.910956
0.901655
0.916255
0.919568
0.939227
0.931836
0.947981
0.977300
0.976924
0.970835
0.977202
0.985725
0.954172
0.957531
0.935317
0.931931
0.932755
0.954699
0.965643
0.972889
0.976031
0.955056
0.934766
0.916335
0.917479
0.895550
0.890348
0.889756
0.905952
0.914153
0.929614
0.951556
0.951386
0.942005
0.965998
0.962622
0.949606
0.937250
0.936237
0.922526
0.962615
0.973975
0.959746
0.929759
0.932323
0.939358
0.909156
0.902879
0.862526
0.848122
0.875464
0.860725
0.827377
0.823296
0.835487
0.850035
0.829610
0.835998
0.849155
0.846685
0.872247
0.864321
0.861422
0.866311
0.875000
0.873273
0.891849
0.882799
0.856637
0.862338
0.873855
0.854449
0.862619
0.841684
0.823761
0.847025
0.867416
0.888875
0.872417
0.850797
0.862523
0.885511
0.871894
0.885159
0.866197
0.846634
0.864150
0.867510
0.860836
0.886013
0.897424
0.888062
0.918183
0.902245
0.893735
0.871799
0.866524
0.870015
0.857520
0.861520
0.847552
0.862607
0.862207
0.852549
0.875202
0.877789
0.855284
0.869318
0.900849
0.890636
0.873075
0.849369
0.859545
0.848249
0.828407
0.829241
0.809676
0.823741
0.838472
0.836955
0.822790
0.820231
0.810594
0.805890
0.819284
0.829269
0.826647
0.850303
0.836223
0.835679
0.850193
0.871891
0.889429
0.884134
0.882302
0.866260
0.851662
0.868921
0.858896
0.854796
0.829357
0.837758
0.834569
0.842810
0.812353
0.818875
0.814339
0.818256
0.824229
0.823570
0.834184
0.818253
0.796835
0.799234
0.786474
0.792555
0.812544
0.819730
0.832891
0.841112
0.846919
0.855127
0.854251
0.835763
0.847174
0.859114
0.867627
0.877646
0.879485
0.861605
0.848571
0.855091
0.833446
0.805284
0.823410
0.847903
0.849926
0.848211
0.836499
0.826664
0.817624
0.812804
0.800246
0.782686
0.790610
0.811168
0.816874
0.799362
0.804723
0.789893
0.785960
0.785317
0.787560
0.782033
0.779990
0.790415
0.800010
0.779568
0.783884
0.798061
0.794474
0.808411
0.817761
0.838308
0.848543
0.853189
0.841301
0.831851
0.889793
0.908790
0.896780
0.885286
0.892087
0.904812
0.878291
0.875248
0.837452
0.855248
0.882269
0.888188
0.918989
0.908830
0.906083
0.894936
0.919346
0.933429
0.911871
0.919083
0.903395
0.917020
0.899863
0.881303
0.895794
0.920507
0.919633
0.944961
0.930339
0.930903
0.950888
0.975172
0.927699
0.905843
0.902709
0.914053
0.876681
0.896456
0.902461
0.918235
0.939496
0.955002
0.934991
0.914935
0.927410
0.938471
0.907970
0.889911
0.854883
0.833639
0.850890
0.845925
0.855611
0.843990
0.852465
0.864944
0.872172
0.878226
0.861790
0.852137
0.873230
0.898971
0.906063
0.865733
0.852460
0.864973
0.846610
0.838305
0.833483
0.827052
0.841106
0.823664
0.847996
0.840224
0.864872
0.863149
0.883230
0.876376
0.871905
0.889601
0.885937
0.863103
0.858836
0.862993
0.835748
0.839271
0.860925
0.850705
0.832941
0.837295
0.851084
0.839666
0.872393
0.857894
0.843320
0.835553
0.876103
0.887964
0.861149
0.836124
0.858998
0.834587
0.834666
0.870814
0.899958
0.922172
0.915662
0.888977
0.874062
0.872594
0.886751
0.903339
0.886318
0.899592
0.883901
0.887696
0.859859
0.867058
0.862740
0.852095
0.822658
0.829863
0.849903
0.832169
0.834244
0.851395
0.862118
0.872367
0.878354
0.895053
0.884326
0.880393
0.904543
0.922895
0.926695
0.903443
0.896547
0.908973
0.890540
0.877298
0.888744
0.887011
0.880757
0.871660
0.911499
0.909513
0.919735
0.934097
0.938257
0.950195
0.949978
0.948774
0.946081
0.927357
0.919112
0.905409
0.914749
0.929099
0.900543
0.933647
0.959059
0.979989
0.988694
0.958890
0.962625
0.974995
0.978498
0.967738
0.930346
0.933410
0.923882
0.954971
0.929956
0.933942
0.899595
0.918536
0.942195
0.945171
0.959932
0.947821
0.924759
0.928646
0.928893
0.940908
0.936256
0.959598
0.985908
0.977942
1.005616
0.994071
0.983758
0.971284
0.972266
0.955804
0.967735
0.945410
0.944321
0.936378
0.956758
0.945064
0.982857
0.980238
1.011312
1.023559
0.998764
0.990177
0.992394
0.963763
0.947999
0.962093
0.976697
0.957008
0.977407
0.971190
0.977828
0.984643
0.949739
0.950446
0.940189
0.927109
0.911623
0.904147
0.924270
0.913578
0.918747
0.912679
0.870671
0.867123
0.872251
0.895911
0.882275
0.882620
0.899803
0.912332
0.894409
0.897732
0.905575
0.900185
0.930995
0.935622
0.946096
0.977594
0.973763
0.981720
0.965354
0.949188
0.942370
0.910631
0.926845
0.922241
0.948666
0.963397
0.926025
0.938388
0.932973
0.946990
0.932844
0.929360
0.919768
0.908840
0.923485
0.948470
0.956747
0.938711
0.937004
0.946612
0.928848
0.915015
0.951444
0.972701
0.949238
0.954157
0.936915
0.913095
0.923709
0.957040
0.948054
0.926575
0.916090
0.913278
0.899954
0.887569
0.898010
0.895812
0.903618
0.912601
0.920059
0.936003
0.991754
1.010875
1.009364
1.009631
1.021181
1.014530
1.020505
1.037365
1.026018
1.034980
1.016229
0.984956
0.965364
0.985137
0.986937
0.999443
0.988203
0.993252
1.031702
1.010273
0.987386
1.009593
1.032952
1.024340
1.002626
1.004366
0.965541
0.973819
0.996157
0.999689
0.976979
0.991158
1.009490
0.992123
0.994228
0.995710
1.005833
1.029783
1.042220
1.050706
1.015572
0.999644
0.987663
0.972817
0.985748
0.974440
0.992533
1.021089
0.973392
0.972236
0.975369
0.967394
0.951263
0.964494
0.940641
0.949553
0.957448
0.973828
0.954784
0.972334
0.987989
0.973392
0.988517
1.002542
0.988388
0.977244
0.971064
0.960863
0.949726
0.952231
0.927350
0.928976
0.933160
0.936519
0.942352
0.948661
0.952570
0.955306
0.984848
0.977426
0.979742
0.986982
0.996732
1.008294
0.994246
1.016503
1.046206
1.032837
1.008360
1.019350
1.016860
1.009577
0.979958
0.991452
1.001972
1.030756
1.104493
1.125556
1.116709
1.117499
1.112354
1.101356
1.114163
1.129722
1.124856
1.112751
1.096525
1.117754
1.150136
1.133527
1.167777
1.185744
1.169217
1.178511
1.195844
1.198117
1.186702
1.170637
1.168862
1.161613
1.205773
1.208065
1.202127
1.232105
1.246820
1.249176
1.281792
1.250030
1.213986
1.218016
1.215837
1.197492
1.227669
1.249965
1.218887
1.194692
1.172260
1.168055
1.142715
1.156247
1.172981
1.160071
1.177945
1.187534
1.144677
1.145808
1.152244
1.136227
1.150011
1.158781
1.136506
1.110582
1.113914
1.099944
1.121844
1.089837
1.069076
1.072563
1.050460
1.065260
1.106433
1.100154
1.098574
1.093255
1.114705
1.105136
1.140404
1.142494
1.160898
1.155621
1.139237
1.149162
1.170657
1.186997
1.165156
1.161860
1.115888
1.120617
1.135401
1.126209
1.099864
1.088771
1.119710
1.108926
1.106628
1.115129
1.100846
1.077833
1.069466
1.055637
1.081784
1.058990
1.077993
1.076466
1.102864
1.084499
1.081917
1.049266
1.046697
1.050220
1.030179
1.031044
1.043021
1.029508
1.025140
1.013853
1.021327
1.005255
1.021426
1.036360
1.047411
1.037070
1.023373
1.017156
1.028901
1.027162
0.998917
0.997651
0.972178
0.981823
1.004834
1.014063
1.008464
1.009293
1.028141
1.047460
1.036748
1.017609
1.033239
1.012275
0.997352
0.994792
0.968553
0.971764
0.967808
0.960570
0.980534
0.974226
1.005584
0.998691
0.991320
0.996913
1.007876
1.011326
1.015761
1.043182
1.025186
1.024834
1.030429
1.060620
1.045058
1.037640
1.049776
1.067604
1.072980
1.056960
1.057115
1.034980
1.017726
1.031119
1.024081
1.006160
0.997814
1.000799
0.987099
1.005670
0.998353
0.979986
0.979071
0.975873
0.938082
0.946691
0.961512
0.960288
0.960684
0.955319
0.979345
0.995441
0.976939
0.994843
0.961542
0.960453
0.947541
0.960043
0.980787
0.977118
0.984505
1.002721
1.000945
1.019903
1.028056
1.011417
0.986397
0.986415
0.997468
1.022844
1.031672
1.039012
1.035742
1.043088
1.026772
1.011326
1.017547
0.998305
0.982096
0.959507
0.959121
0.962171
0.997916
1.017587
1.014470
1.017060
1.028353
1.036979
1.059351
1.061197
1.048734
1.032637
1.051235
1.050441
1.108159
1.141552
1.151945
1.132910
1.115843
1.120172
1.099172
1.117094
1.127391
1.140836
1.112981
1.118624
1.111823
1.091038
1.110267
1.108107
1.103881
1.076126
1.064927
1.080378
1.098452
1.077987
1.084587
1.095559
1.053424
1.046995
1.034181
1.024856
1.039583
1.010645
1.017121
0.995686
0.955569
0.952469
0.943559
0.941377
0.928854
0.936223
0.956919
0.949749
0.955928
0.964859
0.991610
0.987424
0.969423
0.949454
0.956967
0.950834
0.945717
0.936819
0.947997
0.970219
0.974703
1.007744
1.036327
1.018388
1.014456
1.027859
1.042578
1.015915
1.007438
1.004466
1.026805
1.010139
1.017784
1.028332
1.036631
1.021241
0.994376
1.010042
1.017619
1.043710
1.067763
1.056080
1.035692
1.060693
1.072264
1.030731
1.003751
0.997581
0.974290
0.977936
0.973518
0.996476
0.999366
0.986263
0.980141
0.964565
0.991480
0.987525
1.023250
1.021354
1.009543
1.003014
1.009562
0.992108
1.001698
0.992621
1.021107
1.012013
1.005766
1.018215
0.993686
0.982893
0.960739
0.949136
0.963886
0.967874
0.990852
0.987561
0.976964
0.975890
0.987484
0.995489
1.004239
1.006158
1.011090
1.010594
1.026245
1.000423
1.005449
1.010539
1.034595
1.040249
1.042788
1.061268
1.078899
1.065471
1.049496
1.041541
1.062585
1.061639
1.025685
1.032781
1.047598
1.044247
1.059569
1.058133
1.057044
1.049102
1.069925
1.069193
1.096463
1.086578
1.082110
1.089311
1.067942
1.085470
1.083091
1.073906
1.066768
1.081075
1.096883
1.119267
1.109218
1.132097
1.120513
1.114902
1.113461
1.093400
1.133745
1.128112
1.127082
1.117651
1.108616
1.116163
1.093429
1.101089
1.136289
1.151850
1.129980
1.142346
1.131902
1.148248
1.143036
1.116110
1.101706
1.122781
1.136571
1.142691
1.126246
1.123807
1.088460
1.094575
1.075007
1.072229
1.079072
1.094321
1.107954
1.082974
1.085282
1.094952
1.088389
1.082991
1.068474
1.049512
1.066585
1.100936
1.112326
1.104424
1.107126
1.088517
1.119461
1.102362
1.114324
1.127026
1.101120
1.114247
1.079578
1.093276
1.091593
1.095918
1.057204
1.070891
1.086723
1.089894
1.057401
1.053193
1.052268
1.036315
1.038099
1.037347
1.043962
1.056980
1.080410
1.072787
1.061755
1.046663
1.067330
1.046829
1.029269
1.043816
1.088636
1.107667
1.092739
1.101569
1.099354
1.071240
1.051040
1.040802
1.041540
1.048935
1.022950
1.014931
1.000434
1.024291
1.028461
1.053700
1.055323
1.071391
1.048798
1.050871
1.070487
1.076587
1.097442
1.079693
1.056553
1.043722
1.053575
1.051394
1.061874
1.057718
1.084467
1.070962
1.057020
1.056941
1.055166
1.071776
1.061796
1.039171
1.031874
1.029304
1.025469
0.992379
0.974972
0.981783
0.950335
0.966407
0.974220
0.981893
0.944540
0.952720
0.987196
0.990396
0.994299
0.980882
0.971520
0.959294
0.994353
1.021245
1.039959
1.049227
1.053815
1.063496
1.039679
1.039489
1.046205
1.023708
0.989326
0.980113
0.962562
0.938810
0.955903
0.960624
0.964459
0.957215
0.926554
0.937590
0.949929
0.948827
0.954913
0.974278
0.945746
0.962595
0.965771
0.968356
0.935275
0.943551
0.943409
0.957635
0.956789
0.977196
0.980855
1.000947
1.004997
1.014446
1.016155
1.031876
0.997942
0.981780
0.989386
1.004547
1.024717
1.016939
1.001994
1.009003
1.005092
1.030216
1.055039
1.053268
1.064534
1.075563
1.090087
1.120041
1.087222
1.084305
1.080042
1.063103
1.044752
1.048305
1.060728
1.057048
1.037384
1.061498
1.068767
1.043984
1.058135
1.075966
1.085606
1.093690
1.051118
1.033292
1.046606
1.035042
1.027951
1.059805
1.030236
1.024092
1.053771
1.054939
1.033548
1.011868
1.003239
1.001423
0.994790
0.982775
0.982256
0.984492
0.971152
0.977825
0.980772
0.966493
0.950712
0.960586
0.988252
0.984108
0.984486
0.991030
0.953283
0.944556
0.947821
0.960568
0.943673
0.955338
0.967877
0.952190
0.925468
0.932004
0.932058
0.957840
0.965795
0.986427
0.999382
0.977980
0.997729
1.018751
1.000030
1.012652
0.985294
0.961201
0.951668
0.959987
0.985656
0.969648
0.969417
0.955765
0.944039
0.965649
0.951452
0.951225
0.966449
0.952017
0.981193
0.985381
0.982797
0.971780
0.983450
0.954968
0.951042
0.945435
0.978231
0.959954
0.972252
0.983316
0.979287
0.970121
0.994405
1.006904
0.981836
0.984524
0.968947
0.988445
1.000050
1.006380
1.013035
1.021435
1.015915
1.004519
0.995184
0.998334
0.978524
0.961940
0.961171
0.945882
0.947781
0.955285
0.932400
0.925714
0.898748
0.887994
0.908260
0.939244
0.944928
0.929245
0.926038
0.921897
0.900610
0.897171
0.928473
0.923426
0.926066
0.940791
0.960503
0.938557
0.912108
0.902205
0.895947
0.894022
0.895865
0.892425
0.867285
0.886594
0.900102
0.876167
0.860154
0.858817
0.875886
0.877794
0.899758
0.918067
0.903277
0.913298
0.899154
0.889519
0.866699
0.872058
0.854715
0.872690
0.885970
0.884001
0.883874
0.871326
0.891518
0.879236
0.855660
0.859742
0.855686
0.853489
0.859068
0.870356
0.875759
0.870994
0.856950
0.856114
0.866458
0.868686
0.844884
0.838548
0.851051
0.870050
0.891849
0.877218
0.878529
0.874318
0.880201
0.864998
0.856261
0.857899
0.861017
0.875324
0.891301
0.901331
0.868715
0.873727
0.889752
0.895805
0.908600
0.909582
0.911967
0.901562
0.920156
0.947333
0.960843
0.974417
0.936264
0.950219
0.950520
0.973065
0.968350
0.955573
0.982992
1.002303
1.005296
1.001816
1.022430
1.011160
1.021571
1.033892
1.032258
1.005091
0.955062
0.948931
0.978134
0.965865
0.981527
0.969457
0.952196
0.974855
0.993020
0.996388
0.977276
0.994427
0.997615
0.992325
0.960689
0.970758
0.984753
0.971507
0.970014
0.984708
1.019490
1.014641
1.007598
0.991170
0.976535
0.985739
0.991057
0.997682
0.967356
0.979712
0.981130
0.966258
0.992909
0.993814
0.984945
0.998598
0.997011
0.978820
0.974758
0.956585
0.954251
0.963037
0.958289
0.971352
0.982812
0.975097
0.996203
0.993213
1.025006
1.016698
1.002154
1.014503
1.051114
1.038354
1.030639
1.044344
1.020971
1.017154
0.998021
0.993438
0.993736
1.012547
1.040883
1.032034
1.029937
1.051752
1.074166
1.054731
1.029242
1.051302
1.078165
1.063311
1.059502
1.069962
1.053743
1.046679
1.031262
1.039571
1.004912
1.009115
0.991073
0.968483
0.981912
0.972396
0.997589
0.978995
0.950458
0.969518
0.977041
0.959402
0.963121
0.981745
0.963314
0.966209
0.960045
0.976323
0.999016
1.034258
1.046411
1.034341
1.006853
1.000120
1.014667
1.030974
1.032896
1.028218
1.043158
1.058925
1.082554
1.071545
1.052573
1.074739
1.076192
1.092725
1.056555
1.071615
1.062083
1.058239
1.081993
1.095966
1.113358
1.133032
1.127210
1.114800
1.146405
1.168207
1.144616
1.126524
1.109783
1.125301
1.103504
1.079998
1.081196
1.086702
1.096470
1.077702
1.108020
1.119382
1.142163
1.119007
1.084416
1.091998
1.094460
1.079723
1.041533
1.043226
1.038762
1.025492
1.038922
1.057700
1.054925
1.042328
1.024853
1.032814
1.037553
1.060117
1.074695
1.059615
1.049444
1.035493
1.051590
1.066093
1.062297
1.062491
1.026338
1.032246
1.004555
1.019339
1.007023
1.029221
1.067387
1.053918
1.057185
1.063224
1.080826
1.098548
1.119201
1.146750
1.161510
1.153022
1.133858
1.150418
1.152383
1.162839
1.152556
1.178790
1.173500
1.184452
1.163912
1.183579
1.185122
1.173621
1.134675
1.114235
1.097688
1.092847
1.113330
1.098050
1.117401
1.138788
1.121431
1.114512
1.140391
1.126667
1.127050
1.104653
1.134864
1.120702
1.083035
1.067825
1.076668
1.070135
1.060171
1.054826
1.040952
1.035847
1.069503
1.076868
1.116426
1.102439
1.083658
1.069963
1.085997
1.071914
1.087852
1.114005
1.136233
1.158448
1.161981
1.175630
1.146500
1.149329
1.112901
1.130978
1.141120
1.119012
1.122712
1.123224
1.126576
1.145563
1.140753
1.115962
1.107513
1.090470
1.107741
1.127837
1.138896
1.126814
1.095686
1.102562
1.079670
1.080997
1.096403
1.093655
1.111816
1.098873
1.089358
1.089169
1.062095
1.064175
1.064654
1.057731
1.076641
1.085959
1.070561
1.051159
1.068986
1.064307
1.080537
1.070917
1.110565
1.111430
1.149630
1.157543
1.174633
1.167056
1.164764
1.172892
1.161066
1.146673
1.146908
1.167675
1.197516
1.163283
1.136458
1.155068
1.153864
1.171160
1.207346
1.221771
1.208861
1.179745
1.198572
1.202127
1.192428
1.185113
1.200177
1.192893
1.172246
1.188631
1.189244
1.162235
1.167901
1.159435
1.179813
1.209330
1.193946
1.177598
1.213300
1.242762
1.210127
1.207540
1.204734
1.185959
1.163685
1.171212
1.150230
1.160462
1.175430
1.163816
1.135798
1.134887
1.160999
1.146870
1.143462
1.153473
1.153110
1.151814
1.127784
1.138578
1.117806
1.123073
1.144174
1.151882
1.170065
1.188314
1.171186
1.193142
1.184665
1.218785
1.234809
1.235264
1.266873
1.242531
1.216553
1.228895
1.201105
1.205014
1.196232
1.210399
1.192811
1.177008
1.217518
1.209288
1.197445
1.204501
1.214247
1.255636
1.280350
1.270503
1.306996
1.282206
1.275544
1.265920
1.286670
1.271590
1.251678
1.258997
1.218803
1.183486
1.218433
1.218603
1.213269
1.231927
1.254882
1.244844
1.225460
1.197571
1.172811
1.183438
1.176007
1.188909
1.179742
1.159351
1.148983
1.134640
1.141955
1.168610
1.162861
1.158410
1.183910
1.189977
1.180469
1.178232
1.160491
1.186712
1.206477
1.193085
1.191197
1.182987
1.212215
1.213341
1.233256
1.252935
1.218884
1.195546
1.224512
1.210209
1.205455
1.177979
1.179754
1.170066
1.204482
1.217495
1.202631
1.177276
1.167183
1.141799
1.160248
1.131688
1.112122
1.091417
1.087155
1.105947
1.120827
1.119936
1.145165
1.127236
1.130282
1.154256
1.162802
1.135515
1.130296
1.105592
1.118837
1.139797
1.108509
1.103659
1.067212
1.073223
1.087059
1.074027
1.105528
1.096664
1.080274
1.060659
1.092020
1.100061
1.100058
1.109932
1.120409
1.150674
1.132966
1.103928
1.114231
1.115664
1.153381
1.150110
1.141180
1.165988
1.171589
1.149120
1.146148
1.126443
1.117425
1.134559
1.102897
1.110596
1.108123
1.097160
1.085702
1.089107
1.087103
1.082990
1.079518
1.067444
1.050937
1.056676
1.087583
1.085158
1.121818
1.111784
1.105191
1.109780
1.097189
1.078009
1.074927
1.059042
1.109674
1.135533
1.116228
1.124803
1.132044
1.127343
1.121014
1.105546
1.136144
1.127961
1.125260
1.139433
1.158796
1.171573
1.151655
1.136737
1.163827
1.140008
1.127235
1.156021
1.172722
1.177205
1.137590
1.144701
1.139461
1.127472
1.128895
1.136634
1.117360
1.102125
1.078157
1.087673
1.088252
1.081455
1.105666
1.119120
1.121887
1.114182
1.124454
1.128375
1.135862
1.131656
1.143498
1.166749
1.183824
1.166631
1.167001
1.149230
1.137620
1.152345
1.167874
1.178979
1.162618
1.140128
1.130790
1.147835
1.151872
1.167752
1.150360
1.166467
1.187440
1.200876
1.190280
1.179514
1.211668
1.226010
1.207028
1.213648
1.214378
1.190722
1.179164
1.159846
1.130133
1.102461
1.084991
1.079063
1.102754
1.106224
1.069329
1.078705
1.064787
1.081886
1.092338
1.088107
1.084479
1.097633
1.112698
1.108275
1.095677
1.102596
1.115438
1.117139
1.165009
1.146191
1.120559
1.117541
1.135469
1.121042
1.139860
1.137823
1.157795
1.182088
1.175231
1.149233
1.135685
1.149433
1.135378
1.097685
1.093647
1.081898
1.106003
1.086689
1.065071
1.083094
1.065358
1.076964
1.071484
1.080809
1.087056
1.069411
1.064761
1.051453
1.032685
1.016424
1.017187
1.026557
1.038754
1.065488
1.076961
1.108335
1.078237
1.093841
1.063864
1.077259
1.091380
1.061838
1.076002
1.086232
1.066324
1.070672
1.085642
1.085755
1.107714
1.138279
1.150495
1.141747
1.130213
1.143414
1.121805
1.134352
1.121220
1.108142
1.127397
1.149074
1.151141
1.183700
1.155922
1.156631
1.151743
1.157838
1.150779
1.153404
1.122229
1.096361
1.082552
1.086086
1.093596
1.110292
1.102076
1.101617
1.082145
1.082564
1.100578
1.114121
1.119961
1.128272
1.142666
1.148745
1.120445
1.095326
1.099393
1.092003
1.075769
1.056693
1.066109
1.044008
1.073640
1.058936
1.052157
1.053493
1.034549
1.045575
1.067177
1.085152
1.080173
1.075478
1.049323
1.034756
1.025210
1.025288
1.019325
1.000245
1.032467
1.019894
1.019801
1.030862
1.033490
1.015553
0.996303
0.986832
1.004479
1.009545
0.992654
1.008661
1.021361
1.029191
1.060898
1.050401
1.040670
1.055391
1.012512
1.023353
1.048454
1.027025
1.004518
0.992668
1.010305
1.013736
1.024991
1.024556
1.007926
1.035275
1.028934
1.035969
1.026103
1.049619
1.063504
1.055149
1.056576
1.040455
1.023183
1.044090
1.061525
1.054700
1.078439
1.091284
1.072370
1.063729
1.076969
1.077403
1.099782
1.097173
1.094788
1.083602
1.088013
1.092370
1.115488
1.118867
1.103601
1.101066
1.087186
1.111444
1.123379
1.122063
1.157421
1.146978
1.138340
1.152424
1.142296
1.137961
1.135293
1.134392
1.168321
1.189113
1.169052
1.188875
1.244003
1.216726
1.200905
1.210009
1.177479
1.184398
1.174744
1.161100
1.186536
1.180890
1.206296
1.227347
1.178531
1.146563
1.145617
1.161459
1.140508
1.133063
1.177343
1.189232
1.236136
1.249370
1.248470
1.224865
1.224927
1.259542
1.241789
1.242928
1.277660
1.295604
1.268447
1.291911
1.297616
1.290531
1.325082
1.328828
1.228665
1.197960
1.205390
1.219132
1.233607
1.222281
1.249590
1.284576
1.294381
1.288079
1.272475
1.285814
1.302161
1.286313
1.312328
1.327090
1.291916
1.290207
1.312779
1.302591
1.334301
1.321033
1.312059
1.300353
1.277234
1.263843
1.276018
1.247477
1.256660
1.276476
1.285221
1.295154
1.277783
1.265970
1.267465
1.245624
1.254008
1.237319
1.212264
1.228630
1.218377
1.211569
1.218926
1.217516
1.187316
1.208111
1.189029
1.205153
1.189793
1.195749
1.159865
1.175441
1.183129
1.170383
1.166213
1.144222
1.188019
1.178240
1.164786
1.157016
1.201600
1.192165
1.226967
1.221875
1.242080
1.265606
1.254052
1.235214
1.217689
1.234575
1.223180
1.210878
1.219296
1.229092
1.201258
1.211543
1.208274
1.216253
1.187916
1.196289
1.225291
1.220684
1.204663
1.218963
1.254009
1.247151
1.260262
1.249944
1.291709
1.310450
1.281082
1.257959
1.247558
1.258339
1.262462
1.255895
1.252390
1.238853
1.260361
1.251031
1.258057
1.276513
1.301139
1.287562
1.268174
1.295958
1.296445
1.279127
1.315211
1.301079
1.322589
1.299593
1.212990
1.221198
1.233840
1.237467
1.247695
1.244441
1.263183
1.241720
1.242433
1.241595
1.282766
1.269927
1.262755
1.278905
1.250119
1.242305
1.276258
1.265680
1.241909
1.258493
1.256133
1.270139
1.289506
1.293451
1.275859
1.280160
1.296737
1.284081
1.278197
1.260236
1.258891
1.242122
1.272339
1.275382
1.312956
1.307470
1.295898
1.268912
1.267468
1.269573
1.309147
1.344479
1.333085
1.345972
1.308716
1.285979
1.298733
1.317415
1.280196
1.275832
1.252932
1.225994
1.230035
1.215958
1.196883
1.220405
1.251732
1.252010
1.286494
1.281452
1.284577
1.274757
1.288209
1.287983
1.368821
1.371740
1.371540
1.395066
1.364352
1.316925
1.337164
1.357245
1.319329
1.324511
1.299378
1.306465
1.325359
1.351950
1.330848
1.328696
1.311415
1.329794
1.343227
1.315825
1.282470
1.273231
1.299851
1.272906
1.260289
1.246225
1.261013
1.265251
1.215235
1.209962
1.207566
1.218327
1.210350
1.188379
1.224952
1.221761
1.253623
1.237184
1.236003
1.220041
1.219597
1.228127
1.204666
1.172910
1.180732
1.192736
1.162787
1.144918
1.135914
1.146213
1.144980
1.130031
1.144500
1.149736
1.182117
1.169163
1.181452
1.196840
1.175288
1.175759
1.157926
1.171042
1.161143
1.143346
1.130083
1.128412
1.115461
1.102108
1.101135
1.118225
1.138796
1.149163
1.138504
1.149860
1.162766
1.185983
1.182293
1.199570
1.176702
1.180209
1.192262
1.193497
1.202628
1.218945
1.201220
1.232201
1.220909
1.205613
1.209171
1.196043
1.219639
1.189364
1.169274
1.181975
1.186414
1.217786
1.232869
1.223571
1.239103
1.264646
1.295350
1.290552
1.282178
1.247781
1.246903
1.241235
1.265727
1.245256
1.212958
1.202177
1.208918
1.222253
1.231221
1.249924
1.274233
1.304733
1.325370
1.296047
1.274959
1.300533
1.293699
1.280772
1.246898
1.256688
1.248756
1.215797
1.183874
1.162580
1.151591
1.159014
1.170472
1.156508
1.137467
1.132276
1.155093
1.168375
1.199458
1.187552
1.167960
1.178876
1.174513
1.172451
1.161654
1.170837
1.185687
1.183243
1.207281
1.194101
1.173966
1.177563
1.182426
1.201201
1.227114
1.189398
1.181959
1.190008
1.212651
1.224381
1.229407
1.191384
1.116538
1.082261
1.080394
1.096637
1.104521
1.111547
1.091332
1.087046
1.094705
1.104838
1.100774
1.087912
1.129021
1.120582
1.090698
1.094683
1.091120
1.086035
1.090880
1.109715
1.113533
1.101965
1.130500
1.113074
1.083819
1.088065
1.119563
1.106421
1.075641
1.079005
1.054059
1.061107
1.065562
1.030799
1.044907
1.075977
1.082240
1.100005
1.096964
1.088451
1.065757
1.059548
1.041783
1.037368
1.053790
1.070936
1.063931
1.066551
1.103516
1.090382
1.097937
1.122183
1.121509
1.118030
1.143532
1.153514
1.146697
1.121981
1.100309
1.115512
1.120676
1.104947
1.094126
1.093235
1.109472
1.108355
1.081547
1.062334
1.070147
1.100218
1.121005
1.104471
1.121878
1.143637
1.163364
1.146844
1.118791
1.102072
1.114960
1.083009
1.048065
1.033355
1.045187
1.057196
1.048597
1.056682
1.061898
1.064509
1.089229
1.084785
1.083192
1.064278
1.070482
1.099992
1.106880
1.094650
1.129080
1.157447
1.150581
1.148450
1.180966
1.174277
1.196987
1.202441
1.171695
1.146247
1.153966
1.127567
1.102532
1.117077
1.130048
1.125500
1.104420
1.115817
1.086867
1.114763
1.141702
1.135316
1.136962
1.124614
1.140881
1.171138
1.191633
1.169249
1.170264
1.165222
1.166794
1.145822
