0.885176
0.886026
0.913542
0.992599
1.032038
0.974799
0.946839
0.891814
0.950950
1.026259
0.974319
1.004302
0.847453
0.865343
0.933448
0.902861
0.950604
1.024866
0.958470
0.877280
0.912322
0.923335
0.853822
0.922579
1.035881
0.950012
0.894356
0.936161
0.992929
0.965770
1.025376
1.056633
0.950247
0.973531
1.074622
1.008854
1.103292
1.181390
1.085300
1.014644
0.985945
0.886304
0.988622
0.941180
0.990269
1.045786
0.925360
0.974828
1.064378
1.009228
0.952704
1.029428
1.032543
1.062501
1.043721
0.967203
0.979315
1.063851
1.078445
1.134899
1.051507
1.129301
1.126737
1.083904
1.012792
1.010704
0.942949
0.924379
0.966861
1.011527
1.036088
0.975353
0.913746
0.884383
0.962529
0.892975
0.950779
1.001834
0.932039
0.895531
0.877821
0.895892
0.821036
0.873567
0.810040
0.889280
0.771036
0.748341
0.818980
0.897931
0.834564
0.802209
0.939084
0.895874
0.895147
0.880944
0.848254
0.856770
0.854507
0.951422
1.006382
0.971734
0.958951
1.001747
0.948970
0.856988
0.854889
0.857073
0.933469
0.897213
0.869903
0.860950
0.802327
0.761032
0.800727
0.855357
0.859883
0.800647
0.771210
0.753945
0.826793
0.881823
0.905478
0.841554
0.835005
0.881468
0.836657
0.828082
0.755445
0.787050
0.838378
0.798033
0.813334
0.887861
0.895973
0.923896
0.972282
1.014737
0.927218
0.900065
0.875150
0.917929
0.849057
0.810686
0.938532
0.966726
0.910830
0.968307
0.901294
0.846010
0.965801
0.952427
0.942294
0.959380
0.997398
1.013958
0.895229
0.895954
0.893025
0.865901
0.831981
0.839242
0.916039
0.878147
0.934617
0.907277
0.892817
0.920193
0.756919
0.804563
0.786317
0.747896
0.817781
0.871699
0.868507
0.891394
0.958760
0.913806
1.027665
0.946742
0.885107
0.840222
0.930351
0.997448
0.901084
0.967824
1.031098
0.893938
0.851848
0.877571
0.951217
0.868675
0.831211
0.871833
0.758221
0.792565
0.774692
0.807882
0.812261
0.764213
0.810885
0.856807
0.856805
0.867663
0.835672
0.857767
0.884104
0.890169
0.826500
0.870057
0.894415
0.866381
0.909672
0.927663
0.981199
1.005889
0.833839
0.774423
0.843570
0.841481
0.894562
0.897397
0.960422
0.868502
0.862031
0.831522
0.788970
0.753386
0.824718
0.863010
0.856036
0.885137
0.762887
0.805486
0.844086
0.797894
0.830001
0.879497
0.820633
0.803894
0.899187
0.894747
0.897575
0.783570
0.795820
0.699075
0.789725
0.730233
0.709212
0.665820
0.645747
0.670947
0.737920
0.806516
0.712148
0.668669
0.682796
0.640687
0.633816
0.715312
0.735712
0.779594
0.786714
0.819567
0.794034
0.760914
0.809286
0.858299
0.870773
0.903332
1.000197
0.924422
0.827073
0.878311
0.856839
0.922778
0.916343
0.880402
0.830620
0.843615
0.924519
0.944643
0.882280
0.894596
1.016120
0.930538
0.895507
0.993811
0.913402
0.998917
1.024146
1.074683
0.991970
0.937371
0.876267
0.917520
1.100154
1.055259
1.024063
1.011610
1.056417
0.982571
0.920809
0.900611
0.851156
0.813761
0.735786
0.789746
0.829711
0.853156
0.845211
0.847436
0.854938
0.818029
0.868426
0.911071
0.896657
0.863223
0.842613
0.789265
0.983102
0.952806
0.938065
0.899615
0.932533
0.939891
0.921533
0.839347
0.913174
0.942257
1.015116
0.984917
0.959318
1.006235
1.042289
1.023134
0.866519
0.757062
0.842493
0.925632
0.964581
0.964265
0.940554
0.859861
0.903652
0.895455
0.952906
0.945920
0.996888
0.944372
0.988247
1.021616
0.823815
0.809872
0.811868
0.830751
0.838796
0.844275
0.882908
0.873899
0.946086
0.860563
0.866111
0.849697
0.809771
0.823083
0.816283
0.839543
0.855217
0.950682
0.927646
0.834199
0.852493
0.957920
1.018787
1.036914
0.912556
0.856969
0.920078
0.958790
0.948489
0.970848
1.013344
0.972544
0.963944
0.889707
0.961397
0.947423
1.012899
1.070140
0.986237
0.988305
1.083649
1.060619
0.993319
1.093367
1.045821
1.008532
0.995483
0.966904
1.030878
0.999778
1.123361
1.060547
0.999279
0.996720
0.992821
1.050476
1.029873
1.047078
1.052865
1.105967
1.085187
1.134965
1.029975
1.050253
0.930544
1.008213
1.048850
0.989080
0.912123
0.930442
0.887130
0.900354
0.905287
0.989972
1.000520
1.057575
1.126993
1.092155
1.003012
1.049365
0.909448
0.945089
1.026290
1.008911
1.065012
0.985193
1.090229
1.116543
0.936384
0.885727
0.950287
0.906131
0.917003
0.983037
1.067230
1.042629
1.019433
1.097531
1.165308
1.086229
1.001302
0.948784
1.001826
1.080811
1.000468
0.967818
0.894290
0.950048
1.005523
1.029744
0.957526
0.930397
0.999496
1.014934
0.987798
1.023415
1.012261
1.012471
1.000806
0.945799
0.982360
1.082055
1.087852
1.045240
1.123156
1.153707
1.061665
1.061812
0.928458
0.958294
0.999614
0.966808
0.995561
0.925380
0.998276
1.008907
1.032505
0.922138
0.919220
0.955742
0.889929
0.955026
1.035365
0.995366
0.895705
0.946043
0.894872
0.824202
0.897393
0.863069
0.816811
0.805285
0.873434
0.956438
1.020638
1.021629
0.894485
0.929363
0.926174
0.962154
1.192827
1.178500
1.205564
1.147473
1.253906
1.210360
1.320582
1.271891
1.177682
1.163555
1.316293
1.248884
1.192175
1.108674
1.160767
1.258357
1.227795
1.123733
1.141800
1.019758
1.008772
1.053348
1.073952
1.135740
1.095771
1.125386
1.137271
1.237324
1.265200
1.307151
1.199500
1.296048
1.360284
1.263737
1.250691
1.212649
1.241911
1.193135
1.256493
1.278944
1.107000
1.122390
1.170201
1.186183
1.257165
1.204871
1.175620
1.121227
1.135381
1.055084
1.100050
1.176260
1.077297
1.095093
1.068314
1.052129
1.233613
1.158590
1.237774
1.231784
1.279118
1.193514
1.172767
1.091668
1.130048
1.033828
1.152319
1.140799
1.236795
1.138173
1.071346
1.157432
1.205496
1.265695
1.186198
1.215194
1.207796
1.139163
1.117025
1.074992
1.118309
1.062706
1.087116
1.156539
1.165217
1.205181
1.188551
1.228353
1.187984
1.240240
1.339801
1.234612
1.172289
1.058346
1.120480
1.184603
1.172008
1.118813
1.086929
1.071683
1.112413
1.210374
1.242340
1.279840
1.212220
1.127526
1.028223
1.113926
0.975828
1.013405
1.027946
1.076370
1.139730
1.082020
1.083885
1.054570
1.026919
1.014166
1.044677
1.082526
0.987355
1.075207
0.994254
1.033785
1.025753
1.021824
1.013737
1.100229
1.135824
1.167672
1.087261
1.150780
1.220332
1.131589
1.213935
1.158614
1.021232
1.056730
1.056307
1.085160
1.152314
1.099503
1.111544
1.038225
1.083181
1.052653
1.124301
1.090441
1.193488
1.169862
1.084898
1.088491
1.019865
1.053166
0.978948
0.987422
0.961881
0.947565
0.946957
1.008129
1.020561
0.990216
1.115567
1.063119
0.924751
0.974080
1.042050
1.034851
0.993246
0.976308
1.065223
0.947318
1.015992
1.062172
1.024738
1.070385
1.085179
1.144425
1.147496
1.228816
1.181407
1.116188
1.070380
1.093030
1.010478
1.044534
1.035720
1.013257
0.985761
1.056757
1.083548
1.053510
1.196329
1.111964
1.071334
1.081518
1.168369
1.034993
1.116711
1.109966
1.123997
1.111825
1.134446
1.216057
1.252425
1.230829
1.206771
1.212849
1.091112
1.088287
1.193525
1.113236
1.059254
0.987788
1.031983
1.056016
0.991898
1.019673
1.056016
1.079448
1.134180
1.071815
1.146222
1.103875
1.095073
1.162730
1.147371
1.205349
1.082789
1.105834
1.167266
1.156466
1.045766
1.115291
1.146311
1.130604
1.103188
1.127203
0.989044
1.091178
1.141951
1.201215
1.163233
1.130092
1.210180
1.237914
1.355291
1.262657
1.152975
1.130343
1.222387
1.261296
1.178731
1.069128
1.166060
1.176318
1.099604
1.037302
1.023684
0.982639
0.932721
0.957927
1.015410
1.078963
1.103948
1.105977
1.049764
1.030321
1.004318
1.072539
0.980207
0.987963
1.112709
1.145100
1.222854
1.183888
1.106157
1.078703
1.072230
1.149748
1.122535
1.087560
1.054137
1.107493
1.006813
1.027580
0.953645
0.908800
1.035033
1.076808
1.190937
1.134913
1.134481
1.122954
1.243003
1.166091
1.224108
1.225031
1.304187
1.377973
1.251017
1.136173
1.225168
1.265056
1.029948
0.977316
1.010722
1.068643
1.058754
1.022854
1.118826
1.153960
1.215164
1.112164
1.079887
1.062626
1.162121
1.252315
1.168901
1.103886
0.961148
0.917662
0.921790
0.878312
0.985272
0.902877
0.901439
0.926793
0.925201
0.927472
0.950050
0.959224
1.026527
1.038730
0.937335
1.008884
1.066020
1.054442
0.955462
0.951315
0.862224
0.962046
0.968378
1.014846
0.987779
1.004752
1.106862
1.110858
1.215285
1.190903
1.022064
1.027639
1.024200
1.054001
1.072134
0.975821
0.977498
0.932889
0.916380
0.977609
1.008355
1.041398
1.064775
1.057022
1.139899
1.086627
1.191121
1.131098
1.155162
1.163004
1.113711
1.066052
1.108209
1.204019
1.236866
1.243977
1.062202
1.041879
1.063240
1.149006
1.128652
1.140318
1.258028
1.140061
1.060514
0.986913
1.008286
0.988943
1.030408
1.007768
1.037841
1.053017
0.948099
0.942006
0.864862
0.964844
0.936050
0.961717
0.977207
1.011123
1.138502
1.106038
1.040237
1.040662
1.026579
1.014412
1.113025
1.016229
1.015430
1.030974
1.001698
0.966392
0.966639
0.935103
0.916665
0.951219
0.973557
1.071717
1.119518
1.049938
1.128003
1.074905
1.044440
1.086590
1.052740
1.058869
1.051161
1.078933
0.987834
0.946818
1.014044
1.072437
1.085300
1.041893
0.984458
0.999385
0.980715
1.019722
1.038569
1.117389
1.121196
1.155714
1.082582
1.016037
1.110647
1.179077
1.143280
1.031333
1.059104
1.098945
1.004965
0.985867
1.031589
1.067325
1.095663
1.118014
1.096190
1.089903
1.008575
1.097399
1.201299
1.153150
1.124879
1.082268
1.005443
1.031491
0.965976
0.949526
0.961838
0.928151
0.911392
0.897197
0.976115
0.967455
1.062423
1.109875
1.049097
0.981662
0.948757
0.969056
1.022820
1.048888
0.903410
1.033302
1.133224
1.030054
1.027860
1.042822
1.168000
1.222622
1.077375
1.133945
1.094368
1.108747
1.095936
1.023400
1.148039
1.199642
1.240964
1.250587
1.083184
1.114594
1.236504
1.162889
1.112329
1.189360
1.264138
1.184361
1.148263
1.207723
1.171370
1.096378
1.285538
1.203668
1.287376
1.160342
1.305925
1.257110
1.249169
1.346530
1.173661
1.132836
1.199970
1.183955
1.225382
1.307005
1.184708
1.255152
1.287256
1.255407
1.323585
1.335944
1.315806
1.250069
1.213501
1.255854
1.285142
1.322428
1.381403
1.369043
1.516608
1.436595
1.344800
1.374341
1.309990
1.368913
1.236511
1.241897
1.360496
1.298768
1.354897
1.287813
1.360578
1.267619
1.279216
1.210774
1.394748
1.384538
1.493899
1.539761
1.450777
1.537910
1.558919
1.622282
1.465504
1.504817
1.438391
1.385093
1.311354
1.359777
1.392921
1.313526
1.318866
1.439436
1.548615
1.422942
1.334499
1.424660
1.336798
1.273095
1.215168
1.266030
1.333910
1.260636
1.225136
1.284181
1.160300
1.188070
1.268629
1.246331
1.197097
1.239526
1.371012
1.318250
1.406221
1.463128
1.323328
1.345683
1.213966
1.288180
1.294917
1.242959
1.375746
1.321047
1.202548
1.226029
1.182887
1.239638
1.178170
1.161291
1.195296
1.235780
1.185922
1.244821
1.241246
1.321255
1.200815
1.244073
1.142646
1.100171
1.093968
1.046313
1.062398
1.168375
1.047706
1.068425
0.994019
1.010953
1.001589
1.075435
1.099028
1.096903
1.153016
1.060443
1.046989
1.103093
1.156486
1.094923
1.225408
1.169535
1.210304
1.261051
1.238188
1.190695
1.205308
1.109162
1.102812
1.085713
1.245034
1.167761
1.101944
1.186048
1.262644
1.185143
1.309020
1.223744
1.055466
1.171457
1.270191
1.177796
1.267640
1.228250
1.156906
1.197189
1.120773
1.168712
1.146392
1.103796
1.174215
1.249317
1.320926
1.232020
1.266496
1.201206
1.252920
1.175087
1.260114
1.230564
1.319801
1.341770
1.239483
1.261504
1.179488
1.133376
1.129235
1.052996
1.133456
1.145110
1.065103
1.122822
1.092333
1.051759
1.137014
1.195603
1.187565
1.281386
1.075767
1.084862
1.129588
1.156814
1.088344
1.019974
0.978148
1.046605
1.072202
1.053691
1.215456
1.129587
1.013273
1.015990
1.082885
1.101517
0.956589
0.983712
0.973553
0.938995
1.104371
1.085920
0.989817
1.070233
1.193434
1.093806
1.046964
1.100478
1.143314
1.205677
1.061711
1.092311
1.088294
1.063281
1.039110
1.072674
1.057558
1.072486
0.971549
1.037055
1.070571
1.051321
1.182341
1.151601
1.165878
1.143047
1.145180
1.218201
1.016198
1.043635
1.074578
0.992685
1.156047
1.045344
0.993522
1.082491
1.172758
1.100536
1.083238
1.029772
1.027283
1.100845
1.045253
0.989627
1.088239
1.086111
1.155883
1.105341
1.190269
1.225517
1.147340
1.093105
1.090263
1.006594
1.077933
1.043579
0.917208
0.952751
0.969747
0.999380
0.976580
1.000404
0.896023
0.961070
0.923039
0.950451
0.902361
0.895530
0.878569
0.827085
0.853548
0.874909
0.924842
0.861694
0.904877
0.876289
0.971240
1.047899
0.994694
0.991578
0.930212
0.944334
1.008981
0.944843
1.106348
1.037920
1.188081
1.161647
1.148022
1.029520
1.006764
1.068930
1.027374
1.094534
1.033278
0.972203
1.043055
1.004384
0.989435
0.960804
1.009608
0.973738
1.072417
1.031954
0.931954
0.960133
1.055176
0.977900
0.978166
0.983185
0.983982
0.878036
0.870315
0.920201
0.956872
0.988866
1.024309
1.130350
1.180304
1.220864
1.126930
1.073214
1.063338
1.152945
1.157757
1.075395
1.007249
1.044056
0.971846
1.007189
1.010183
1.024552
0.956774
0.953032
1.057639
0.969154
0.974704
0.882508
0.880356
0.857238
0.914900
1.021311
0.916900
1.004705
1.120435
1.031154
0.977003
0.999525
1.172508
1.127025
1.097714
1.078087
1.134715
1.183839
1.197809
1.276873
1.231160
1.150996
1.115185
1.050896
1.121817
1.043321
0.950783
1.001213
1.009902
0.976008
1.079180
1.071843
1.114023
1.066237
1.115365
1.186384
1.148382
1.053435
1.051190
1.009362
1.013684
0.919305
0.975124
1.060227
1.064277
0.982250
1.034330
1.060655
0.956009
0.882851
0.932871
0.980143
0.988931
0.885288
0.954390
1.010647
1.113135
1.002883
0.994256
0.954394
1.007678
0.999169
1.012683
0.985289
1.120113
1.087350
0.991191
1.018555
1.083585
1.020754
1.127580
1.063262
1.060207
1.060517
1.136403
1.137616
0.948584
1.023335
1.025572
1.003223
0.927373
0.864045
0.977521
0.974761
1.161735
1.130493
1.150341
1.087261
1.060183
1.129895
1.044111
1.051676
1.118213
1.111734
1.209064
1.247593
1.131559
1.205041
1.169044
1.082883
1.045979
1.112661
1.067945
1.157865
1.115381
1.091558
1.107735
1.169547
1.293176
1.339886
1.242478
1.266504
1.214766
1.171152
1.188952
1.140249
1.227715
1.341431
1.270647
1.136009
1.179784
1.116446
1.192002
1.248609
1.281020
1.214053
1.214555
1.244818
1.324437
1.267775
1.237508
1.290994
1.269841
1.262480
1.298696
1.243483
1.295067
1.237500
1.345877
1.403701
1.255818
1.148962
1.113882
1.108232
1.262972
1.220129
1.187325
1.145118
1.241719
1.154078
1.220309
1.310498
1.311970
1.235564
1.183528
1.241654
1.146171
1.164915
1.149717
1.228013
1.083172
1.143236
1.008267
1.051667
1.000127
0.948197
1.001140
1.042615
1.050704
1.079152
1.001538
1.008173
1.049816
0.992615
0.949998
0.949867
1.040990
1.091920
0.941626
0.970871
0.884626
0.935446
0.932458
0.915279
0.857756
0.956826
0.955986
1.002668
0.915143
0.953556
0.866911
0.834988
0.796687
0.832102
0.881374
0.932582
0.883930
0.926630
0.963438
1.012591
0.937093
0.945859
0.891798
0.905825
0.973748
0.889559
0.890955
0.876191
0.976205
1.068270
0.957696
0.969683
0.958724
1.054222
0.974948
0.929003
1.048664
1.027622
1.045810
1.124089
1.151516
1.199651
1.073619
1.091047
1.019986
0.990457
1.039303
1.118678
1.113039
1.006415
1.029863
0.939160
0.894494
0.920352
0.985418
0.987421
1.104785
1.072068
1.164698
1.128126
0.976799
1.039916
1.086120
1.066850
1.023997
0.938626
1.056820
0.966410
0.950065
0.931275
0.970174
1.057766
1.089260
1.146563
1.045497
0.992451
1.096279
1.087962
1.176941
1.109473
1.132912
1.157417
1.081849
1.122719
1.244826
1.198993
1.175113
1.223340
1.045370
1.025326
0.957838
1.012583
0.983166
0.935650
0.934701
1.013039
0.979135
1.045813
1.059746
1.103414
1.006476
0.967861
1.018115
1.105111
1.162799
1.086714
1.082388
1.037338
1.083963
1.009817
1.035176
1.006767
1.059451
0.981212
0.954032
1.010679
1.055820
0.977744
0.994363
0.945270
0.951680
0.992699
1.053520
1.000734
1.056623
1.013175
0.989313
0.981664
1.063676
1.020827
1.112496
1.103653
1.044796
1.114478
1.030420
0.981692
1.102258
1.079191
1.170045
1.213372
1.020669
1.073703
1.119585
1.058602
1.221510
1.180734
1.137521
1.172948
1.059757
1.137115
1.121676
1.184978
1.158099
1.067662
1.100315
1.198290
1.191960
1.129055
1.206473
1.360831
1.241938
1.240635
1.131375
1.132199
1.128945
1.121455
1.160334
1.097297
1.236943
1.126832
1.190959
1.200863
1.024679
1.072652
1.135524
1.081648
1.022123
1.090624
1.160812
1.106663
1.081186
1.029465
0.973703
0.924383
0.947350
1.024131
0.971640
0.981455
1.069646
1.146277
1.089779
1.015757
0.913182
0.941089
0.953390
0.905277
0.936379
1.050721
0.938595
1.007819
1.028474
0.940663
0.990531
1.071645
1.018025
0.947765
0.938354
0.874909
0.902106
0.932561
0.991895
0.946553
0.880137
0.867923
0.862067
0.951423
1.039888
1.033720
0.923042
0.984221
1.097146
1.128714
1.004326
1.028030
1.045173
1.103890
1.058449
0.945064
1.055689
1.103223
1.031129
1.056730
0.940742
1.018017
1.039156
0.997611
1.014134
0.967991
1.045472
0.969287
0.916690
0.848944
0.792086
0.812345
0.807427
0.896962
0.962698
0.897128
0.873181
0.812737
0.825737
0.774890
0.842800
0.814545
0.953343
0.901182
0.933603
0.884860
0.905060
0.901321
0.992587
0.976373
1.028939
0.970212
0.818940
0.896824
0.893428
0.973862
0.907310
0.901878
0.911275
0.973144
0.905179
0.803134
0.810413
0.790302
0.827990
0.878170
0.944582
0.848840
1.068753
0.997380
1.120304
1.085571
1.047528
0.941819
0.988677
1.025933
0.884383
0.914831
0.912368
0.985435
0.961343
0.938279
1.035012
0.954962
0.912687
0.993356
0.972039
0.853743
0.882124
0.905469
0.831907
0.840775
0.933148
0.990318
1.014261
0.985154
0.942830
0.976376
0.887398
0.942471
0.830177
0.843282
0.932094
0.935172
0.918683
0.844376
0.839878
0.944590
0.886472
0.813972
0.838548
0.854720
0.902213
0.837414
0.786742
0.809126
0.815422
0.835632
0.868296
0.839739
0.826888
0.894705
0.909784
0.912829
0.840992
0.795194
0.849264
0.927304
0.950684
0.953358
0.904749
0.875832
0.783159
0.854408
0.843674
0.838008
0.785179
0.750462
0.796394
0.805901
0.826076
0.881617
0.817866
0.844700
0.925104
0.879260
0.968783
0.954839
1.041235
1.015584
0.952670
0.894560
0.989575
0.944446
0.963077
0.929109
1.044274
0.999520
1.022101
1.059140
0.978139
0.973633
0.968694
1.000746
0.926548
0.993670
0.901350
0.973785
0.999360
0.913950
1.071053
0.986698
0.913657
0.939630
0.946886
0.929593
0.890772
0.841655
0.868891
0.919981
1.004612
0.927603
0.880035
0.835257
0.892016
0.950002
0.982515
1.065663
1.028119
1.080608
1.132007
1.071900
0.974862
1.049467
1.117656
1.158429
1.198336
1.260834
1.138547
1.164022
1.166382
1.071911
1.168609
1.129339
1.062268
1.041499
1.107423
1.098547
1.158350
1.122275
1.162551
1.190812
1.077366
1.110560
1.192729
1.082846
1.116472
1.113265
1.064787
1.051046
1.052711
1.054719
1.075429
1.025875
0.973295
0.952802
0.962265
1.044802
1.045105
0.942813
1.021997
1.045097
0.935037
0.974234
1.021185
0.943918
0.889421
0.836000
0.884732
0.897679
0.941433
1.005386
0.895430
0.909096
0.911487
0.870334
0.856280
0.842353
0.809773
0.853704
0.880696
0.841169
0.925004
0.880907
0.943875
0.916219
0.976034
0.920834
0.971342
1.025231
0.929163
0.973763
0.942722
0.882606
1.049434
1.026757
0.999032
0.960653
1.034221
0.997924
1.129431
1.044097
1.080161
1.044674
1.101800
1.018163
1.069009
1.041899
1.002457
0.953669
0.981303
1.025223
1.034578
1.088029
0.984536
0.987536
0.926689
1.033940
0.989976
0.884749
0.857436
0.787564
0.852923
0.823798
0.961311
0.914724
0.983574
1.006311
0.950817
0.988175
0.931052
0.902955
0.909177
0.973646
1.028513
1.082452
0.990572
0.930087
0.895425
0.813281
0.897169
0.907533
0.940665
0.977318
0.893161
0.909947
0.863820
0.836866
0.811861
0.841826
0.831281
0.832418
0.872281
0.897318
0.886547
0.849501
0.870761
0.823392
0.973346
0.964571
0.897260
0.895207
0.880127
0.915776
0.790684
0.810123
0.875474
0.934517
0.891503
0.893060
0.893907
0.917601
0.951851
0.912277
0.945010
0.951606
0.989270
0.952331
0.935020
1.012362
0.946463
0.901652
0.981009
1.043400
0.931928
0.980033
1.052870
0.976414
1.042065
1.067473
0.977776
0.936453
0.998725
1.003140
1.133574
1.082695
1.013296
1.090993
1.145416
1.084723
1.042553
1.091108
1.038413
1.079225
1.097838
1.075651
0.945706
0.929390
0.948890
1.012962
0.873326
0.917045
0.983018
0.919179
0.830860
0.866726
0.889167
0.889148
1.022042
0.974069
0.952582
1.073233
1.033872
0.967194
0.928245
0.956017
1.055836
1.014970
1.136568
1.107908
1.092964
1.127143
1.154469
1.238958
1.166158
1.208889
1.009785
1.066541
1.014232
1.003425
1.057001
1.051233
1.036561
1.132179
1.057978
0.973340
0.984851
0.900915
1.006709
1.031660
0.938462
0.945223
1.009727
0.925783
0.857626
0.849953
0.943780
0.931353
0.980966
0.976849
1.061002
1.018611
0.922877
0.879608
0.961869
0.954818
0.894715
0.848856
0.892913
0.947411
0.884970
0.876351
0.978440
0.974489
0.957040
0.945557
0.987968
1.042371
1.052103
0.999327
1.086040
1.125798
1.051517
0.968234
1.016975
1.012117
0.933797
0.856554
0.967919
0.897575
0.849028
0.860337
0.877612
0.920977
0.906717
0.844178
0.997829
0.958165
0.891959
0.876913
0.953311
0.930964
0.788915
0.835761
0.866796
0.899487
0.970437
0.913209
0.939227
0.931757
0.914655
0.932572
0.876685
0.909901
1.059821
1.011702
1.021211
0.990664
1.058378
1.053551
1.140981
1.175135
1.074044
1.175726
1.150512
1.227652
1.073685
1.115751
1.120025
1.176803
1.036192
1.020751
1.046287
1.070315
0.928695
1.005144
1.056812
1.037932
1.057572
1.107009
0.968113
0.991326
1.118700
1.089507
1.036577
1.064482
1.101141
1.052225
1.050361
1.085765
1.010191
1.031798
1.125261
1.052951
1.049733
0.995630
1.041896
1.004366
0.912571
0.910180
0.941532
0.984101
1.009477
0.944734
1.047994
1.017996
0.996700
1.059272
1.096627
1.112206
1.034213
1.079158
0.998291
0.949581
0.969781
0.976957
1.022501
1.099702
1.249826
1.321253
1.241826
1.163541
1.224318
1.340919
1.394294
1.345718
1.179313
1.234216
1.275056
1.329251
1.392563
1.310132
1.329297
1.269933
1.242248
1.174438
1.158216
1.230708
1.088739
1.125598
1.157902
1.217966
1.295094
1.305567
1.262903
1.224966
1.232691
1.286260
1.310166
1.357257
1.157529
1.098217
1.127539
1.184769
1.142797
1.176157
1.230782
1.285221
1.186782
1.268339
1.320079
1.265025
1.190721
1.224896
1.263978
1.194155
1.075557
1.013278
1.079575
1.105280
1.063173
1.109129
1.166431
1.133650
1.092266
1.101050
1.130515
1.078450
1.017556
1.069720
1.129117
1.111581
1.126176
1.085836
1.003220
1.038770
0.967290
1.033819
0.943882
1.010909
1.092876
1.061909
0.988689
0.958663
0.932304
0.882371
0.981989
0.959145
1.039268
1.016051
1.061881
1.105655
0.972028
0.990546
1.040777
0.979570
1.202055
1.081776
1.063080
1.109815
1.071071
1.115520
1.043256
1.117982
1.227202
1.254640
1.276462
1.266172
1.184327
1.276502
1.185688
1.116947
1.182980
1.252747
1.174098
1.121233
1.087020
1.050266
1.101028
1.125670
1.075261
1.082393
0.969137
1.060884
1.132692
1.081995
1.114212
1.157302
1.108590
1.199094
1.221157
1.174976
1.275643
1.225759
1.234859
1.207307
1.122817
1.130755
1.095203
1.003810
1.184723
1.153927
1.126199
1.074151
1.123538
1.183857
1.052671
1.099701
1.171640
1.243807
1.183112
1.088079
0.996739
1.012845
0.945916
0.888743
1.002099
0.946246
1.051835
1.114607
1.079162
1.012958
1.062753
0.995083
1.048401
1.049067
1.087321
1.134906
0.953323
0.996778
1.015326
0.935377
0.879515
0.922080
0.919791
0.890772
0.972854
0.986329
0.923933
0.992073
1.049211
1.012027
1.079639
1.041733
1.029903
0.975712
0.993501
0.987899
1.074519
1.027337
1.094085
1.141169
1.194683
1.138347
1.089061
1.120365
1.070851
1.124055
1.051964
1.065657
1.247938
1.217959
1.183183
1.190357
1.271411
1.212528
1.120932
1.141335
1.002040
1.078710
1.075840
1.168397
1.234133
1.205834
1.143165
1.161387
1.226860
1.253869
1.167820
1.219374
1.146120
1.066713
1.127842
1.191223
1.224412
1.317883
1.214455
1.293446
1.179250
1.265115
1.238585
1.292513
1.253937
1.186676
1.171595
1.143606
1.286879
1.248286
1.169013
1.193335
1.160288
1.088393
1.158674
1.208577
1.080376
1.145922
1.134339
1.010094
1.045573
0.991085
1.043422
1.010484
1.130273
1.030965
0.960886
1.058526
1.137368
1.082238
1.184977
1.123102
1.012672
0.997545
1.071200
1.122089
1.172813
1.251323
1.204379
1.118265
1.135889
1.187890
1.095212
1.127547
1.081540
1.156346
1.090882
1.014725
1.069397
1.136807
1.170435
1.122875
1.059419
1.071053
1.135793
1.116382
0.990443
1.075685
1.124280
1.058747
1.191204
1.234619
1.194824
1.117591
1.130429
1.188357
1.113593
1.045528
1.063336
1.161473
1.165603
1.136669
1.127763
1.126005
1.013817
0.958806
1.078650
1.102116
1.130897
1.209771
1.080974
1.143672
1.053584
1.112709
1.155067
1.181573
1.304125
1.238050
1.286588
1.304925
1.254773
1.217360
1.284870
1.216056
1.133308
1.103824
1.112368
1.155623
1.139486
1.262126
1.122762
1.027119
1.073302
1.142056
1.053883
1.120001
1.079356
1.139541
1.118873
1.158216
1.203944
1.222186
1.165984
1.223962
1.084402
1.126208
0.902947
0.941115
0.949188
1.009442
1.043222
0.999656
1.086982
1.134263
1.095144
1.140831
1.080057
1.067668
1.199396
1.246434
1.141285
1.072200
1.262120
1.221192
1.222073
1.286973
1.084553
1.160687
1.216600
1.188424
1.102820
1.140354
1.068691
1.059994
1.113666
1.195728
1.172879
1.104130
1.142273
1.102206
1.158559
1.071827
1.033501
0.942110
0.998171
1.059180
0.938745
0.940740
1.019686
0.988819
1.057953
0.967484
0.996877
1.052185
0.876972
0.913255
0.958994
0.883841
0.940689
0.936708
1.021995
1.002207
1.033161
1.025583
1.039339
1.073135
0.984184
0.932227
1.030394
1.074871
1.082165
1.115889
0.986640
1.017071
0.935296
0.973595
1.029521
1.088913
1.150355
1.108694
0.986967
1.083486
1.063971
1.071970
1.116472
1.124643
1.052006
1.005052
0.993820
0.946917
1.062137
1.093043
1.009281
1.009038
0.876599
0.934561
0.994511
0.907412
0.959483
1.011324
0.914707
0.920061
1.011348
0.987241
0.981029
0.959001
0.936161
0.892130
0.929486
0.880185
0.873044
0.875701
0.802267
0.862112
0.998984
1.066973
0.941817
0.972545
1.095448
1.032682
1.111776
1.158938
1.122755
0.983147
0.916893
0.927178
0.907918
0.902416
0.864685
0.984404
0.906628
0.978061
1.021737
0.996082
0.910548
0.896061
0.870466
0.896750
0.866239
0.770497
0.845284
0.883339
0.911160
0.890407
0.943766
0.995687
0.899102
0.876288
0.916888
0.901696
0.901803
0.901277
0.885665
0.846791
0.940247
0.995628
0.990114
1.024336
0.843975
0.773710
0.861834
0.858007
0.908455
0.959274
0.835182
0.867651
1.056136
1.135909
1.067806
0.956420
0.949006
0.926511
0.985343
0.979848
0.970710
0.983823
0.987966
0.990799
0.884783
0.945312
0.820451
0.890520
0.831324
0.859080
0.715954
0.781404
0.842036
0.793609
0.816282
0.895436
0.931314
0.887639
0.954178
0.929692
0.899265
0.891451
0.887546
0.918591
0.808702
0.851226
0.885772
0.882682
0.920028
1.000896
0.933709
0.959332
0.870310
0.936150
0.936455
1.016964
1.058703
1.010127
1.004687
0.960565
0.932274
0.886860
0.863947
0.853211
0.854127
0.791831
0.816844
0.908145
0.866726
0.887336
0.923661
0.927825
0.920026
0.911443
0.923648
0.861582
0.881602
0.932781
0.867281
0.880960
0.797373
0.838637
0.853586
0.907589
0.915463
0.896534
0.966975
0.903946
0.920308
0.979612
0.966927
0.895895
0.851458
0.911680
0.937294
0.910865
0.887192
0.971468
0.941017
0.951256
0.857219
0.934438
0.822467
0.852158
0.796867
0.863361
0.864293
0.888427
0.794380
0.864920
0.859058
0.885437
0.786384
0.786961
0.765588
0.817840
0.861954
0.913990
0.863839
0.814747
0.793575
0.825992
0.847255
0.889508
0.845918
0.818144
0.938479
0.890775
0.849976
0.884345
0.924702
0.955945
0.988837
0.981024
0.964385
0.939460
0.894750
0.956692
0.845756
0.851793
0.820941
0.855823
0.806552
0.836816
0.869057
0.839861
0.985837
0.941406
0.800929
0.832132
0.761218
0.712699
0.793442
0.757390
0.796832
0.845287
0.787476
0.734788
0.660824
0.715648
0.755680
0.756251
0.753834
0.845829
0.841493
0.895610
0.905746
0.851695
0.850833
0.883769
0.778872
0.854783
0.910263
0.882795
0.829410
0.797473
0.888915
0.901935
0.940980
1.009401
1.013629
0.984293
0.981324
0.870536
0.885876
0.967714
0.915552
0.835696
0.776847
0.696584
0.663763
0.721547
0.772532
0.730027
0.762393
0.713082
0.803086
0.860913
0.788371
0.730923
0.861433
0.848060
0.784429
0.861317
0.890132
0.986996
0.963642
0.989294
0.893475
0.816673
0.895029
0.902544
0.888602
0.856417
0.890343
0.869319
0.891750
0.840113
0.906570
0.908345
0.963609
0.923574
0.985069
0.968613
1.059042
1.003527
1.066382
1.029761
0.973747
0.881136
0.863554
0.929670
0.885752
0.956403
1.010456
0.985503
0.923254
0.879296
0.945628
0.911862
0.956385
0.982844
0.925311
0.950816
0.913419
0.920626
0.955719
1.014047
1.017916
0.964517
1.057060
0.983220
0.906548
0.922893
0.908585
0.846280
0.998732
0.930618
0.878872
0.912089
0.856372
0.883587
0.810007
0.801489
0.835726
0.799297
0.799438
0.825168
0.947838
0.976617
0.910254
0.862635
0.843944
0.872208
0.857278
0.817193
0.747791
0.771771
0.733466
0.786034
0.821452
0.816151
0.892492
0.904667
0.814998
0.808716
0.880059
0.837810
0.902282
0.804917
0.921290
0.904146
0.832511
0.835852
0.800495
0.711127
0.879834
0.849567
0.820564
0.817865
0.885278
0.920099
0.910067
0.958664
0.983265
1.035823
1.108812
1.083602
1.000074
0.925741
0.919328
0.847688
1.000709
0.955544
0.945244
0.904777
0.933495
0.969805
0.969749
0.946978
1.070227
1.043541
1.067890
1.030268
0.908528
0.899164
0.981967
0.937276
0.949564
1.007366
1.041765
1.001105
1.014566
1.055254
1.066405
1.096045
1.098638
1.023847
1.152396
1.079268
1.054886
1.042038
1.030271
0.990515
0.961435
0.916951
0.966978
1.016925
1.007959
1.112498
1.032365
1.009774
1.066642
1.045527
1.154153
1.042645
1.086088
1.042771
1.025904
0.972504
0.951950
1.004310
0.953015
0.886207
0.920914
0.911374
1.030320
0.968434
1.053048
1.086099
0.944448
0.992297
0.933371
0.906838
0.915393
0.944793
0.884170
0.915328
0.864050
0.905436
1.090962
1.156447
1.073788
1.097817
1.101738
1.114774
1.001765
1.092337
1.189655
1.135891
1.080056
1.110197
1.085798
1.001364
0.968075
0.959365
0.963094
1.006420
1.020786
1.102367
0.932989
0.953292
1.002455
0.986998
1.082162
1.128295
1.098672
0.957376
1.004235
0.966074
0.902994
0.971784
0.897232
0.839162
0.793507
0.802595
0.842456
0.785442
0.756390
0.787229
0.776921
0.771765
0.824717
0.777375
0.845757
0.844735
0.861359
0.790873
0.758172
0.774050
0.823329
0.817022
0.781846
0.840284
0.876028
0.852533
0.969518
0.879710
0.860108
0.809538
0.811024
0.883996
0.919862
0.905196
0.771582
0.855029
0.851582
0.764038
0.825561
0.801321
0.853930
0.823626
0.853023
0.789522
0.886572
0.835571
0.824077
0.781061
0.750072
0.797676
0.985187
0.950836
0.927204
0.874990
0.826009
0.857421
0.868476
0.870529
0.864652
0.855348
0.913750
0.946326
0.858244
0.871295
0.814953
0.802949
0.780677
0.823167
0.816169
0.934891
0.917962
0.959179
0.933748
0.877212
0.982699
0.920874
0.893942
0.955106
0.955454
0.974513
1.061214
1.006577
1.010060
1.041689
1.005651
1.121170
1.109280
1.042076
1.006762
0.962064
1.144299
1.096633
1.175920
1.087193
1.088013
0.995617
0.997607
0.937447
0.871417
0.957592
0.945444
0.934377
0.951637
0.996572
0.932979
0.929964
0.937754
0.930884
0.843353
0.837228
0.854858
0.929503
0.966331
0.983749
0.949184
0.983875
0.959166
0.995588
0.918463
0.982847
0.891706
0.840033
1.006228
1.007686
1.029470
1.083456
1.006098
0.972510
0.979857
0.982559
1.121623
1.125549
1.105199
1.115517
1.025704
1.063223
1.014216
0.961866
0.960095
0.968520
1.032594
1.117362
0.965367
1.035509
1.089430
1.044875
1.073576
1.115240
1.049550
1.058184
1.039118
1.076083
1.073414
1.021469
1.142565
1.180592
1.142149
1.144268
1.079902
1.129662
1.104419
1.166657
1.034455
0.970279
0.901843
0.918725
0.961458
0.905614
0.920450
0.859441
0.953776
1.004820
1.044043
1.073198
0.860211
0.932902
0.994433
0.924118
0.972562
1.039818
1.008684
0.954925
0.985219
1.058926
1.062567
1.068065
0.947835
0.888886
1.075560
0.978578
0.960148
1.005643
0.929156
0.920849
0.966323
0.945954
1.057346
1.038040
0.931215
0.973262
0.943514
0.915400
0.993939
1.038322
1.000231
1.042706
1.169383
1.168221
1.034084
1.084683
1.038669
1.050520
0.985254
0.996574
1.124880
1.082352
1.120086
1.010580
1.001697
1.037394
1.021455
0.933692
1.018604
0.980583
1.014556
1.092161
1.268489
1.165713
1.079451
1.112848
1.098005
1.024868
1.094333
1.175659
1.153096
1.082141
1.030723
1.004145
1.076177
1.132533
1.194150
1.169678
1.042557
1.034224
1.074506
1.027569
0.989441
1.049797
1.082695
1.032421
1.133379
1.099232
1.166241
1.223573
1.135742
1.081094
1.104244
1.124363
0.973109
0.885915
0.924776
0.916180
1.041615
1.017898
1.015303
0.993027
1.057811
1.033200
0.968113
0.994744
0.967467
0.952819
1.018446
0.960129
0.923993
0.858094
0.923511
0.948680
1.009524
1.042719
0.937351
0.957090
0.879964
0.892402
0.849496
0.839439
0.913854
0.870547
0.885113
0.964650
0.948807
1.021784
0.953441
0.964150
0.955512
1.035879
1.021869
1.060869
0.923105
0.963211
0.997489
1.050034
0.921798
0.878752
0.884220
0.969728
1.012438
0.961458
1.033097
1.022870
1.067342
1.003670
1.002428
1.044918
1.073260
1.058950
1.238061
1.161460
1.135006
1.115661
1.192692
1.150867
1.193523
1.138602
1.111849
1.056907
1.092112
1.000559
1.073473
1.046352
1.011339
0.963681
1.022524
1.048675
0.969122
1.019519
0.925931
0.963248
0.838690
0.857874
0.888179
0.923554
0.976487
0.972490
0.958392
0.975916
1.009570
0.972281
1.049997
0.989817
0.951925
0.965083
0.971652
0.988654
0.954710
0.965662
0.877114
0.920180
0.799275
0.864229
0.953223
0.906283
0.942632
0.892052
0.831884
0.806894
0.873313
0.879112
0.936225
1.017596
0.967428
0.888167
0.897728
0.859180
0.917503
0.956728
1.021796
0.984212
1.008586
1.102484
0.977874
1.040256
1.067634
0.945129
0.916731
0.954840
0.895417
0.850502
0.835978
0.809802
0.815214
0.775313
0.816041
0.827569
0.840568
0.791104
0.775599
0.773304
0.742386
0.663126
0.655003
0.661912
0.727698
0.729726
0.705373
0.725833
0.750332
0.874485
0.817137
0.778037
0.887323
0.856893
0.747705
0.762317
0.841238
0.878860
0.817764
0.798559
0.806352
0.840848
0.861132
0.876114
0.774354
0.770281
0.829380
0.854517
0.819353
0.867056
0.816386
0.850872
0.835575
0.896374
0.954201
0.899081
0.884689
0.885749
0.823679
0.886429
0.785298
0.772601
0.736359
0.750943
0.743783
0.790397
0.792853
0.810664
0.806019
0.773318
0.733892
0.841177
0.881348
0.820599
0.809222
0.840714
0.728714
0.729523
0.760451
0.757121
0.853586
0.869979
0.847573
0.811763
0.806796
0.757499
0.851070
0.839115
0.898823
0.866979
0.893314
0.826942
0.789672
0.776570
0.829278
0.801815
0.867092
0.933578
0.908906
0.925201
0.853603
0.807877
0.931633
0.877772
0.795015
0.822311
0.833901
0.910371
0.853777
0.863270
0.850343
0.905239
0.853407
0.868542
0.941886
0.933984
0.978026
0.937410
0.882502
0.927323
0.827675
0.874734
0.861646
0.816413
0.802019
0.837178
0.873016
0.842070
0.988170
1.041406
0.946406
0.979317
0.949183
0.936011
0.934057
0.888696
0.940079
0.891478
0.842715
0.822436
0.762073
0.701151
0.784752
0.818607
0.750344
0.731886
0.784575
0.780055
0.858297
0.828866
0.917821
0.881740
0.953848
0.875459
0.866089
0.855909
0.887350
0.915527
0.815163
0.836058
0.911027
1.027372
0.899073
0.949732
0.953423
0.842415
0.883859
0.861946
0.859139
0.822600
0.787921
0.778711
0.618032
0.682364
0.649632
0.767677
0.891675
0.818065
0.788699
0.813823
0.742452
0.712800
0.818757
0.753899
0.747059
0.730734
0.826295
0.788125
0.798466
0.720986
0.653089
0.695395
0.659597
0.731986
0.641997
0.645545
0.742216
0.785843
0.715807
0.737400
0.946165
0.948100
0.905615
0.924648
0.857572
0.886148
0.768535
0.828928
1.018725
0.958936
0.921091
0.978191
0.907234
0.922140
0.882553
0.817675
0.828909
0.874249
0.819627
0.766653
0.790982
0.785882
0.723803
0.734574
0.895577
0.844989
0.850008
0.814215
0.820455
0.864231
0.829231
0.789269
0.752069
0.805112
0.895911
0.882285
0.799373
0.727591
0.741224
0.781388
0.772802
0.816925
0.914847
0.881987
0.917943
0.975707
0.891491
0.813243
0.740125
0.847203
0.827160
0.785165
0.749143
0.702462
0.765668
0.839301
0.936531
0.911061
0.872708
0.901025
0.934325
0.923081
0.861442
0.866963
1.071914
1.022773
1.060158
1.111544
0.939560
1.019265
1.104928
0.989831
0.941411
0.990575
0.928061
1.009460
0.995277
1.026021
1.003062
1.049896
0.878302
0.883238
0.978078
0.900380
0.964917
1.008870
0.986446
0.963075
1.084030
1.063707
1.031919
1.007063
0.942763
0.971258
1.058261
0.975419
0.901460
0.970451
0.930821
1.004961
1.016324
1.042944
0.954452
0.978119
0.904282
0.943923
0.989783
0.969394
0.901123
0.855328
0.860494
0.898587
0.918630
0.961762
1.016147
0.958211
0.988574
0.955931
1.056287
1.040605
1.067709
1.129328
1.011609
1.080496
1.015516
1.050507
0.996022
0.994183
0.950053
0.911260
0.973260
0.986903
1.059493
1.006709
0.957947
1.067953
1.198179
1.183466
1.133990
1.052728
0.976919
0.972350
1.068797
1.003785
0.953823
0.978444
0.954896
0.893172
0.988225
1.014466
0.984524
0.973460
0.879788
0.802852
0.847343
0.900600
0.958824
0.879907
0.986334
0.968004
0.920462
0.868968
0.889315
0.886537
0.886093
0.875786
0.881794
0.954985
0.944076
0.877912
0.825477
0.752288
0.826107
0.838872
0.794798
0.798989
0.841760
0.831472
0.921846
0.852064
0.888089
0.950961
1.018305
0.913067
0.936449
0.923243
0.990429
0.950951
0.876209
0.871613
0.870521
0.882909
0.756284
0.716049
0.714233
0.698789
0.727101
0.714708
0.741631
0.724988
0.689156
0.682817
0.722945
0.740424
0.753721
0.785401
0.851760
0.798883
0.779227
0.792970
0.803143
0.769705
0.893011
0.841891
0.924660
0.930510
0.839871
0.885400
0.964610
0.928326
0.902932
0.884618
0.879158
0.799704
0.925193
0.935729
0.887573
0.824303
0.854407
0.887635
0.853018
0.792728
0.807691
0.823911
0.772197
0.813099
0.847967
0.895682
0.840325
0.873342
0.856861
0.826366
0.916660
0.873940
0.888728
0.911709
0.932162
0.868517
0.979101
0.918107
0.902889
0.885485
0.816292
0.842785
0.789770
0.858633
0.844899
0.779233
0.757966
0.809396
0.900432
0.836464
0.801631
0.789013
0.731512
0.683602
0.698036
0.756428
0.807081
0.734802
0.660077
0.687356
0.807386
0.763259
0.785668
0.714735
0.779320
0.863342
0.933757
0.873827
0.841814
0.873828
0.839263
0.845905
0.795136
0.756267
0.883726
0.799929
0.856919
0.938360
0.933553
0.953233
0.834784
0.875586
0.894868
0.941382
0.862592
0.944240
0.899392
0.846245
0.785920
0.821918
0.851631
0.845796
0.829602
0.817434
0.873443
0.868239
0.758669
0.803692
0.828669
0.784223
0.790750
0.883918
0.931897
0.958603
1.005615
0.961179
1.036299
0.963012
