1.758016
1.148844
0.989607
2.311494
-0.041088
0.827827
0.796828
0.376508
1.719003
0.892384
1.302687
0.319410
-0.044963
1.252960
1.593911
3.813852
1.097415
0.869215
0.544956
1.773435
0.598735
1.315055
0.487920
-0.240870
0.319742
0.646479
0.690014
-0.887205
0.641700
0.769548
1.125586
1.617058
2.077083
3.164151
2.176082
0.983643
-0.061778
0.610488
1.422178
1.683417
1.276333
2.168337
4.929844
2.059900
2.572234
1.646812
0.875491
1.467712
-0.143714
0.046596
0.602446
1.828974
1.090141
0.709484
0.818266
0.339065
1.960309
3.139071
0.305242
1.838415
0.683106
1.307811
0.689374
0.429860
0.989594
0.289462
1.182386
0.218213
0.552301
0.579882
0.227644
0.957791
1.157782
0.103230
2.076695
1.447038
0.854423
0.882494
0.586589
0.654352
0.517714
0.208495
0.425494
0.529921
0.580445
0.342424
1.477227
1.108392
0.902367
1.041702
1.007826
1.756435
0.609718
0.196185
0.136550
-0.512488
2.002944
1.890555
3.267498
2.052153
0.592924
1.784765
0.387169
0.852407
0.542420
2.108072
0.886488
0.176689
0.640023
0.971139
0.487700
0.327235
0.451772
0.741884
0.329999
0.558072
0.058811
-0.061971
-0.142333
0.072733
-0.788275
-0.317078
0.852225
0.890756
-0.453592
0.798778
1.228066
0.071980
-0.134831
0.012759
-0.270466
1.121056
-0.293476
1.568675
1.008343
2.631817
2.081606
1.759266
2.977592
5.260737
0.526078
1.422196
1.029170
3.327424
1.180768
1.065925
0.522239
1.096968
1.257619
1.880948
1.867016
3.122474
-0.288985
0.869034
1.577551
0.127339
0.461548
1.504688
0.534432
0.197549
-0.281082
0.483366
-0.655573
-0.168739
1.794900
0.451034
-0.109324
0.711989
0.524692
0.300166
-0.784148
-0.286819
-0.782316
0.335205
-0.645469
0.077502
0.181370
0.982688
0.459724
2.158445
2.222381
0.608913
-0.554435
0.775414
1.138632
0.145285
0.282900
-0.549481
0.447941
1.908120
0.321474
0.172297
2.892798
1.234609
0.625841
-0.119373
2.209115
0.873591
2.136785
3.972251
0.862026
3.872718
3.752975
8.729795
1.550515
-0.172733
1.351897
4.796405
1.126455
-0.218675
2.122014
1.178819
3.058159
5.576813
0.791837
2.232115
0.309748
0.346098
1.163909
1.151489
1.510427
2.447963
1.951476
2.645256
1.132182
2.036724
4.600322
1.997062
-0.425187
1.680115
2.233729
1.995452
2.809488
1.168499
2.334994
1.199437
0.936541
0.129834
0.713571
2.274306
1.037169
0.346205
0.190729
0.470866
1.566315
1.413899
2.010848
0.451438
1.376957
3.360288
0.606307
1.313317
0.179822
1.422904
0.150780
1.308048
1.689958
0.852173
0.456377
1.095446
0.785292
0.749411
1.223216
1.123974
0.610414
1.144902
1.905931
2.648630
0.677952
1.164167
0.435217
-0.134216
3.243294
1.166630
1.326395
1.623595
1.747467
1.794149
0.092106
0.910113
-0.217481
0.826164
0.594521
1.727100
0.728580
1.338275
0.916078
0.379137
1.180475
1.664668
3.280584
0.538900
2.491845
4.775254
2.612763
1.217795
1.434387
3.113151
0.284145
1.541830
0.613869
2.320902
0.543245
1.038443
0.287366
0.973631
0.699381
1.138450
1.080230
0.583039
1.778069
1.313061
2.771171
1.027414
3.827816
1.687762
1.860990
0.882345
0.734040
1.223277
0.326275
0.429509
0.135783
-0.131288
1.648895
0.735628
0.161780
0.578430
0.720799
-0.121156
0.810010
0.906467
-0.212126
0.298875
0.200036
-0.624245
0.337439
2.251094
0.529127
1.388257
-0.338497
1.106241
1.267533
0.850312
0.275169
-0.504083
0.322043
0.537816
0.614454
0.167615
0.808363
2.077787
0.263631
1.468422
1.578816
1.240154
1.196604
1.564992
2.919751
2.844333
2.176999
-0.001740
-0.134525
0.797702
1.314816
0.951543
0.189067
-0.397477
0.736304
0.644684
0.415063
1.406270
0.766059
0.825298
0.129132
-0.017382
0.241386
1.063100
0.732250
-0.003528
0.570522
1.947738
1.804413
1.188911
-0.411430
0.173042
0.162757
0.762404
-0.124880
-0.828166
0.307743
0.485277
0.422121
0.609389
1.066799
1.140040
0.671557
1.464490
0.821360
1.972392
0.695252
0.446648
0.162150
0.092944
0.739830
0.692975
-0.357042
0.388521
0.746181
0.534543
-0.437210
-0.220397
1.318357
0.920408
0.665562
0.799799
2.254956
1.018060
0.566812
0.963401
0.297668
1.546630
0.292978
0.210674
0.911230
-0.116571
1.351179
1.856079
1.127665
0.955380
2.029357
0.654143
0.372302
0.592312
1.035320
1.385493
1.026598
0.551257
0.786464
1.181349
1.854110
0.111428
1.042211
0.380002
1.232641
0.128715
-0.453059
0.627792
1.136471
0.754974
0.340295
0.138688
0.316484
0.562047
0.992039
0.423743
0.574576
0.581657
1.578965
0.390520
0.411000
1.388195
1.617830
2.756015
0.504209
0.106439
0.527495
0.560279
0.264604
0.511388
0.573421
1.205132
0.440980
0.970172
0.306702
0.348420
0.442224
1.763525
0.233733
0.611234
0.455488
0.194470
1.752632
0.812407
1.214706
2.204824
1.544761
0.440626
0.344338
1.926605
0.199067
1.103958
0.427290
0.299288
0.295510
-0.291856
1.269711
1.002580
3.451150
2.203446
1.196243
1.089691
1.512758
0.770774
1.226106
0.582287
0.976557
1.123950
0.976213
2.477053
0.702398
1.551779
0.839279
0.763767
0.896733
-0.199292
0.122476
1.234500
0.022425
1.017104
0.609356
1.222097
1.140030
0.784219
0.298591
1.020205
0.929512
0.702750
0.156661
0.653878
0.641456
0.086035
-0.353084
0.491406
0.317796
0.423160
0.049502
0.249252
0.311530
1.258511
0.382497
-0.298224
0.413713
0.641509
0.423234
1.243565
1.391647
1.089931
1.014577
1.394483
0.700679
0.430487
1.048647
1.234984
0.901230
1.308706
1.006671
0.243379
1.132864
-0.074624
1.721093
3.238916
1.377882
1.163202
1.285729
0.646010
1.146673
1.118085
0.290959
0.852751
0.898310
1.743227
1.351792
1.283731
1.450164
0.028752
0.518342
0.291120
-0.175174
0.369936
0.422184
0.536907
0.962642
0.397506
2.106818
1.119822
0.930224
0.980510
0.800471
0.873207
1.406878
0.397879
-0.300961
0.480340
0.650857
0.912168
1.237370
0.531450
1.707096
1.199763
0.946256
1.360721
1.120062
0.586011
1.384403
1.526527
1.367326
1.650749
1.349004
0.435661
0.711383
1.177867
1.160173
0.638622
1.211236
1.017075
0.444018
1.132095
-0.207820
0.586809
1.153959
1.184220
0.629845
-0.141886
0.571986
-0.198910
0.838382
0.752369
0.902821
0.682518
1.091728
0.674227
0.721852
0.436918
0.506788
0.987058
0.846551
0.386612
0.748790
0.805392
1.783175
0.942748
0.519051
0.347926
1.214046
0.706118
0.458892
0.698187
0.176669
0.852062
-0.483233
0.702538
0.972909
0.668133
1.538631
0.484631
0.284265
1.338668
0.666005
0.799809
0.663416
1.436900
0.892876
0.398561
0.830366
0.573772
0.144817
1.053248
0.286381
1.057100
1.067036
1.885258
1.152567
0.204257
0.530406
1.169052
0.953317
0.868204
0.810616
0.570328
1.059631
1.411716
1.020806
1.209853
1.058369
1.487643
0.546285
0.066168
1.677860
1.929061
0.963650
0.472338
0.910298
2.183048
1.778665
1.210158
0.426201
0.467988
0.352005
0.513858
0.855603
1.137532
1.361608
-0.118016
0.761203
0.190170
0.390515
0.924680
0.437733
0.840858
-0.355857
0.446555
1.370382
0.793699
2.062873
0.942984
1.970956
0.337215
0.892698
1.407663
2.093885
1.211469
1.533810
3.293979
0.956636
2.108231
0.784545
1.352809
1.504884
1.300740
1.218136
0.540706
1.087734
0.777271
1.111832
1.861901
0.863239
-0.087096
0.042507
1.096134
0.340323
0.696757
-0.019026
0.415970
0.695323
1.472358
1.052199
1.583124
0.399696
1.238763
1.549043
1.893164
0.369772
0.427092
1.241616
1.445239
0.460582
1.285441
0.521595
1.452586
1.014999
1.052705
1.514504
0.687850
1.806602
2.222669
0.363909
0.322778
0.524755
1.108538
0.969620
1.055574
2.133944
1.291134
1.195487
0.827139
1.475894
0.602268
0.954993
0.429839
0.460083
0.906234
0.182544
0.454571
0.752167
0.342538
-0.074945
1.225295
0.852871
2.120303
0.652960
1.168162
0.043138
1.107679
1.240000
0.355231
0.943869
2.341118
1.182085
0.028477
-0.224999
0.695747
0.990151
0.142369
1.615228
1.888071
1.049222
-0.576113
2.873113
1.024355
1.334581
1.150088
0.343685
0.510157
2.338152
0.575209
0.487219
1.191354
1.741315
1.701152
0.135282
1.612459
0.838546
0.600725
0.659722
1.480979
0.182732
0.652981
-0.274052
1.246530
1.575619
2.102437
0.281647
0.108972
-0.166989
-0.242396
0.550374
1.018644
1.109013
1.648301
0.520042
-0.038465
-0.203857
-0.255688
0.495842
0.390708
-1.028656
0.097534
0.145711
0.553729
0.358078
1.309963
0.902523
0.039469
0.439017
1.663400
0.014544
0.750485
1.215406
1.041891
1.089190
-0.003898
-0.196654
1.288377
1.117358
0.989349
1.883180
-0.208426
0.989296
0.542813
0.856417
0.569977
1.430383
0.110148
0.038218
0.418960
0.270485
0.193593
0.150886
0.290287
1.405073
0.132571
1.792850
1.660076
0.414374
0.999206
0.601368
0.078571
1.703787
0.403501
0.416663
0.187123
0.816091
0.432817
0.824216
1.968401
0.685545
1.870524
0.829034
1.899908
3.165803
1.491234
1.012097
1.896860
0.117960
1.555328
0.814092
1.545818
0.749471
1.703287
0.700850
0.820643
0.215019
1.912981
0.022161
1.192003
0.460675
1.398728
0.292957
0.025367
1.084900
-0.142217
1.183148
-0.443223
1.268116
0.236904
0.924618
0.583668
0.044900
0.064089
1.805177
1.492157
3.662333
1.419510
2.447007
0.938767
1.329756
0.503533
0.163711
0.209001
0.620900
0.490880
1.167844
0.762772
-0.129042
0.786500
2.977617
0.810104
4.620115
2.529879
2.778380
1.696894
0.564911
0.022210
1.694980
0.561969
0.789726
0.358187
1.923516
3.009915
1.149196
0.551890
0.658162
0.261023
1.079816
0.950696
0.950922
0.302371
1.385812
-0.074240
-0.270327
0.053604
-0.051170
1.088087
1.385222
0.508414
1.304166
0.403642
2.637764
0.621854
1.955437
0.574583
1.871416
3.505996
0.717872
-0.282451
1.152603
0.404309
1.088389
0.453781
0.717752
1.182544
0.920329
0.293367
0.019326
0.788995
1.148613
0.341236
0.442516
1.561983
-0.164997
0.878624
0.847904
1.321456
2.100227
0.945966
1.493830
2.556582
0.779990
0.588383
0.775205
0.927139
0.829323
0.659785
0.979569
1.296041
1.457427
0.397582
0.754208
1.337254
-0.020392
-0.593219
0.122035
-0.316579
-0.053857
0.412270
0.572842
0.633794
0.552674
0.943053
0.885052
0.084668
1.083519
1.328331
0.384926
0.626788
0.685631
0.556017
0.745061
1.225418
-0.476933
-0.347737
0.542688
0.246843
-0.181845
0.315824
-0.103151
-0.116649
0.039021
0.656422
-0.070274
0.292675
0.024712
1.063722
-0.112525
-0.428058
0.710107
1.879744
0.917715
0.976695
0.619448
0.244709
0.880907
1.853466
0.864225
-0.163633
0.168578
0.353647
1.315791
0.167297
1.443554
0.937336
0.576862
0.458454
0.807456
0.805270
0.738174
0.420633
1.425165
1.046877
1.405606
1.892387
0.151202
0.027737
0.701371
1.220475
0.885712
0.059388
0.153906
1.412369
1.034420
1.401588
1.086711
1.066652
0.407130
0.398132
0.449708
-0.071104
0.763536
1.143884
0.792598
1.554812
1.605586
0.847682
0.108647
1.318985
0.109176
0.805413
1.280415
1.110427
1.099376
1.037431
0.898129
1.421389
1.110392
1.014081
1.590840
1.561953
1.359209
0.013132
-0.140003
-0.465310
-0.144795
0.528480
0.323317
0.908134
1.318808
0.978167
0.382429
0.688250
0.214285
0.855596
1.334151
0.503073
0.542830
0.321033
0.963046
1.237936
0.782539
0.749739
1.255323
0.859613
0.959746
0.964917
0.959038
0.301872
0.933833
0.742012
0.497116
0.593254
0.250714
1.491539
0.744859
0.524865
1.051084
0.712964
1.032098
1.715849
0.600940
0.845273
1.057844
0.438403
0.288054
0.395012
0.707777
-0.162360
0.808397
1.502492
0.487497
0.885708
0.767445
1.095923
0.827303
0.689147
1.110083
0.337387
0.561389
1.410935
0.917765
0.860091
0.868433
0.820234
0.930433
0.309971
0.848982
0.315776
0.141022
0.759848
0.375473
0.715259
0.704760
0.552086
1.168688
1.480419
1.062543
0.612065
1.181606
1.013990
0.376166
0.416608
0.800332
0.685522
0.545613
1.266782
1.394694
1.314404
0.908438
1.551191
0.865113
0.692055
1.337361
1.873124
1.141697
0.433347
0.745679
0.081573
1.180948
1.009014
0.724763
1.346213
1.257129
1.533965
1.027876
0.943547
1.489028
1.235577
1.087551
0.803186
0.940156
0.434174
0.511549
0.935640
0.953281
0.722578
1.072044
0.443484
0.824325
0.789055
0.819002
0.421422
1.387958
1.294555
0.895205
0.842427
0.308517
1.548554
1.743712
1.186247
1.453811
1.184412
1.277077
1.349503
1.464150
1.339428
1.563564
1.609353
0.811229
0.508450
0.107167
0.459141
-0.038653
0.158231
-0.276229
0.086002
0.152145
1.567415
1.545427
1.058305
1.565026
1.422770
1.267630
1.438908
0.902583
0.882073
0.622688
0.664894
0.020628
0.352131
0.543725
0.924146
1.861804
0.410778
2.401677
2.422938
0.839828
1.677427
2.027956
0.714241
1.192317
1.054284
1.318225
1.831843
0.407545
0.701402
-0.576015
0.174726
1.775973
2.224705
1.570049
0.874934
1.185570
2.048382
2.309669
3.284644
0.790815
1.163888
0.670061
0.021261
0.523330
1.788087
1.694065
1.878171
0.494665
0.985083
1.766069
3.191030
0.387061
1.023361
0.622140
1.103228
0.517139
0.970039
2.271765
1.414393
1.670996
1.719914
0.921141
1.304484
0.893957
0.201792
0.714393
0.684008
0.662541
-0.317978
0.962936
0.531112
1.906288
0.679786
0.648343
0.956537
0.424363
-0.117112
0.732975
1.160110
0.604405
0.757381
0.580424
1.702301
0.872777
1.337710
0.725359
0.905170
1.284989
1.203432
0.963033
1.752424
1.306336
1.013385
2.055881
1.334271
0.364591
0.743911
0.358023
1.458480
1.397985
0.552630
0.313679
-0.059309
0.821131
-0.121581
2.173640
1.372186
0.867482
1.026533
0.627629
0.418102
1.676951
1.233429
0.996283
2.199222
0.875402
0.381981
1.090341
0.901006
0.972250
2.244673
1.001201
0.724332
0.403138
0.827289
0.215214
0.467668
-0.091121
0.228073
0.045490
0.928898
0.655820
0.122814
1.027738
0.703920
1.137849
1.523505
0.878753
0.119081
0.172627
0.658361
1.478931
1.149881
1.170780
1.223005
0.075431
1.032299
1.504208
0.454562
0.853008
0.369055
0.103556
0.520150
1.588007
0.770581
0.711062
0.497247
0.826231
0.752665
0.696756
0.672966
1.466296
1.151575
1.115324
1.590195
1.914035
1.180452
1.526047
0.226006
0.097620
0.734995
0.457262
0.647573
0.422661
1.060311
0.320527
0.635210
0.337281
0.725210
0.727663
1.421778
0.951831
0.840503
1.090695
0.640599
0.713056
0.311272
1.955284
0.930014
1.125359
0.889597
-0.064730
0.010962
-0.071044
0.525117
0.547290
1.089985
1.114358
1.095954
0.218319
0.620745
-0.130932
0.354765
0.455592
1.189200
1.281632
1.243024
0.393185
0.439999
0.223247
-0.250532
0.481629
0.902916
0.490408
1.289138
2.197596
0.756191
0.770306
1.697517
0.732306
0.660510
1.084010
1.357298
1.431146
-0.406150
0.846135
0.069603
0.626031
0.161648
0.376291
0.064383
0.621175
-0.045782
0.882226
0.406758
0.605831
0.580557
0.593556
1.183156
0.286293
1.316367
0.639466
1.400676
0.998557
0.599782
0.025350
0.599214
0.351614
1.313934
1.604722
2.215371
0.918411
1.685873
1.336602
0.870358
1.554555
0.056430
-0.478026
0.122277
0.453492
0.791983
1.356657
1.492133
0.327574
0.058235
1.608120
0.775783
0.388508
0.623670
0.205616
0.488785
0.831324
1.016608
1.317742
1.683789
1.041410
1.959954
2.650000
1.379079
1.483739
2.049433
1.171026
1.515682
0.783737
0.677473
0.458560
1.150963
1.327921
0.319868
2.378220
2.004068
0.957549
1.023063
0.688272
1.882682
3.583936
1.520978
0.803944
1.374448
0.440183
1.864322
0.559482
0.552697
0.530129
0.838021
0.248936
0.311387
0.931570
0.102337
0.754406
2.082091
0.632458
1.576825
0.244485
0.285293
0.904362
1.213344
1.328368
0.595664
-0.669969
0.200047
-0.144428
-0.154956
1.369663
0.723132
0.898599
0.262460
0.130073
0.931594
0.759520
-0.426247
0.289034
0.093921
-0.333129
-0.552222
2.062956
1.146273
1.186788
1.575778
-0.065299
0.563804
1.294252
1.527992
0.621894
0.779652
0.256899
0.193462
0.985723
0.189571
0.432951
0.901804
-0.257139
1.215061
1.240820
2.857605
0.217577
-0.174485
0.701297
0.443053
1.404618
-0.118813
1.039953
1.865523
1.362450
0.766085
1.649766
2.740227
1.007721
0.817629
0.298896
-0.440676
-0.656272
0.400153
-0.055214
-0.009344
1.713415
1.166462
1.896053
3.637575
0.469951
0.437490
1.350879
0.104137
0.943602
2.998547
0.323160
0.806488
1.163734
-0.757261
0.862917
1.762806
1.679868
0.242164
4.064978
2.394416
5.865808
3.317419
1.841794
2.909417
0.552084
-0.066103
0.192859
0.743669
-0.693915
0.417879
0.630748
0.245350
0.243545
0.289322
0.103266
0.867466
0.017055
1.280520
0.417735
0.461238
-0.015594
0.034743
0.422048
0.028929
0.337383
0.048409
-0.078963
0.700335
0.274107
0.513564
-0.016857
-0.151292
1.074955
0.350331
0.060704
0.580893
1.049151
1.119495
-0.001017
0.155791
1.075110
1.396906
0.413609
-0.274048
0.631357
1.521887
0.419711
0.522055
0.781794
0.814311
2.553630
1.595404
0.600627
0.627066
0.533649
1.001524
0.027079
-0.446440
0.386904
-0.252716
0.999410
0.381880
0.330355
0.180625
-0.291110
0.111265
-0.091852
-0.473981
0.926810
-0.166813
0.529757
1.494921
0.511250
0.265101
-0.008653
-0.095450
3.216555
1.023869
0.618647
1.998394
2.149798
1.796897
1.045513
0.576692
0.193216
0.716173
1.085458
0.018680
0.480041
0.895825
1.382411
1.236730
1.302888
1.218051
0.962972
0.497927
0.492938
0.497844
0.873059
2.250343
1.002830
0.575696
0.462825
1.223977
0.614461
0.112257
1.047776
1.461442
0.246788
0.658478
0.219424
0.214828
1.134842
1.572757
-0.565005
0.535050
1.017216
0.138679
0.714951
0.568166
0.407376
1.567375
1.875695
0.184684
1.682412
0.727179
1.288642
0.618356
1.081337
1.272501
0.626388
0.132065
0.574552
-0.178822
0.991752
0.709102
0.991189
0.011106
0.459515
1.476772
1.895756
0.512845
3.290418
1.956827
0.310040
0.982507
1.040760
1.870241
-0.375784
0.754064
0.186205
-0.269734
1.368456
0.522262
0.447695
0.651023
0.472574
-0.205956
1.438638
0.347190
0.349805
0.962987
1.736919
1.490447
0.632317
0.662665
-0.371635
-0.806729
1.432152
0.867846
0.938677
1.141841
1.139589
1.681985
0.400491
0.293350
0.753925
1.105854
-0.366112
0.485340
1.598991
0.659469
2.070976
1.008880
1.034769
0.356284
-0.042502
0.955202
-0.185652
0.255144
0.856339
0.697444
1.133182
1.551771
0.210027
0.605070
0.082466
0.643713
0.333519
0.289251
0.956068
1.020853
0.253713
0.669525
0.805158
0.715953
-0.510801
0.589043
0.864957
0.286679
0.423109
1.615842
1.033651
2.409710
0.999162
0.642930
1.142464
2.492138
0.958464
1.739438
0.474434
1.131792
-0.714556
0.313132
1.185678
1.218087
1.779288
1.899045
-0.218763
0.327372
1.211391
1.099735
-0.069195
0.135028
0.206061
-0.501012
0.665974
0.435823
1.081157
-0.468523
0.268873
0.536641
0.647582
0.454558
0.097757
0.616412
0.606055
0.012159
0.629263
0.792036
1.542985
0.510459
0.839727
0.527083
0.848009
0.941343
2.166974
1.578062
1.173390
1.440669
1.641472
1.151334
0.490939
1.217430
0.777807
0.928361
2.006905
0.538688
0.200549
0.652602
0.647947
0.430630
0.833482
0.874665
1.159363
1.745987
1.525679
0.694144
0.631435
0.642037
0.218706
0.320334
1.692339
0.538801
0.256484
0.514219
1.521043
1.085036
0.766179
0.376145
0.174912
0.536749
1.571424
1.393634
0.524803
0.749846
0.584752
1.160276
0.762615
0.534358
1.552446
0.955473
0.978271
0.983308
2.036299
1.146288
1.116448
0.522674
0.426596
-0.093650
0.446611
0.089564
0.642702
1.020651
1.169927
0.835716
0.566660
0.631053
0.401906
1.152297
1.183827
1.590480
0.884161
0.690400
1.691941
2.268439
1.563951
1.671282
0.306348
1.503654
0.737261
0.915223
1.050253
0.725531
0.569100
0.507273
0.371984
-0.052952
0.904565
0.586388
2.546248
1.155516
1.514420
1.596213
1.935575
1.317055
1.366648
0.881273
-0.096640
0.728310
0.412075
0.640081
1.126458
1.250531
1.920908
2.123865
0.575898
-0.323475
-0.034670
0.209057
0.884053
0.696179
1.034394
0.493553
-0.335421
0.596005
0.354975
0.361134
0.333574
0.755859
0.612798
0.711542
0.436080
-0.274482
-0.079911
0.653238
0.516689
0.193577
0.518263
0.596816
0.185101
0.356321
0.318874
0.672683
0.138120
0.436730
-0.653367
-1.437368
5.776652
2.402254
0.716888
2.531853
1.541303
2.859568
1.454911
0.758909
0.483529
1.331043
0.523479
1.111897
-0.199275
0.432184
1.714812
2.782996
0.016317
0.309788
0.038069
0.297858
0.462047
1.127760
2.362106
0.313834
1.466441
2.684891
1.489908
0.395247
1.354193
0.617987
0.744982
1.262924
2.978955
0.594207
2.078760
4.033618
2.055882
4.105493
3.751731
8.454942
3.828946
2.636990
2.624075
1.108671
1.517275
3.306510
2.139389
0.281879
0.502011
0.113225
2.279234
0.245172
-0.429469
1.129236
3.476619
1.207890
1.967724
3.047348
0.490865
1.182860
5.548372
2.861180
1.461177
0.517517
0.487093
2.490273
0.331893
1.564382
0.033247
0.336672
0.054092
2.075484
2.401514
4.546527
0.161860
3.050942
0.780160
2.831437
1.444173
0.722160
0.370827
0.051528
0.147559
2.144352
0.888401
-0.326249
0.941426
1.116919
1.544346
0.113411
1.907849
-0.124157
1.573113
0.574835
3.607149
2.000709
0.606272
1.131815
0.397771
0.543508
1.317529
0.356174
1.231783
1.550262
0.258282
0.225319
0.104634
-0.040531
0.730524
0.189464
0.878012
0.378889
0.966560
0.788641
1.001496
1.251729
1.693348
1.496944
1.848060
3.402124
0.149733
0.095964
-0.256102
0.719555
1.236232
0.036913
0.814141
0.949684
2.161122
0.242109
1.118224
3.230673
0.393311
0.363209
1.282654
1.213235
1.727249
2.080247
2.249839
4.760043
0.580363
0.892498
1.697899
2.304946
5.032127
2.087135
2.620244
1.116589
0.493611
0.489479
2.847547
-0.308327
7.747235
3.781364
1.446058
4.445520
0.291218
1.299497
1.824004
2.428033
7.894547
3.659744
3.756669
1.697981
1.292303
0.249238
4.324047
1.454886
2.614813
4.693276
1.138423
1.888425
0.082101
0.487571
1.787570
0.665900
4.688951
0.886200
3.564875
7.313880
-0.419781
1.010489
4.005838
2.006474
2.757236
0.122031
2.686556
7.077700
7.471096
3.439438
7.003540
13.132798
-0.845670
0.519272
3.531028
0.953798
0.897875
3.538583
7.614538
3.648332
0.016468
-1.374047
1.792895
0.568029
3.642953
1.213087
0.383928
1.974774
-0.721667
0.680829
0.715434
1.887819
-0.572633
-0.106880
0.107962
0.022023
1.130719
2.002637
-0.928997
0.542859
4.680228
1.224275
2.775240
0.198333
-0.450399
1.205475
2.210439
0.814039
1.140336
2.206116
2.153273
4.564524
0.258109
1.624535
0.684448
-0.423863
1.667029
1.135350
3.344113
1.391665
-0.161197
-0.352553
-0.098345
-0.016182
0.543266
1.847161
0.685930
0.766059
1.611515
0.164716
2.255621
1.383767
0.805389
0.440510
0.970690
0.252685
2.375257
3.611956
1.200824
1.279227
0.499591
1.590902
0.233075
0.446127
0.114279
0.769330
-0.577946
0.089822
0.981503
-0.079688
1.623353
0.375372
0.784807
0.094165
0.531843
-0.047140
0.736922
2.014553
1.425130
1.451765
1.519578
1.216473
-0.175601
1.012640
0.747924
0.160321
0.350086
1.053909
1.216622
1.021595
0.900815
0.943929
0.544118
0.561925
0.265162
0.860250
0.640832
1.069875
0.719466
0.259160
0.668565
0.696882
0.594607
0.150959
0.418715
0.490844
0.229078
0.498739
0.760324
0.537644
0.811378
0.924154
0.353610
-0.540042
0.513607
1.076587
2.120982
0.783458
0.279306
0.754327
-0.012296
0.335989
0.805926
0.959988
1.201228
0.070563
-0.124047
0.225639
1.421139
0.537083
1.462709
1.050561
1.338598
2.007223
1.398058
-0.425342
0.671064
2.062071
0.793112
0.120545
1.607992
1.483467
2.203313
3.389971
-0.044041
-0.251298
1.162982
1.044889
0.649470
0.805367
-0.060935
-0.068064
3.348896
4.551122
1.527298
2.822312
0.184192
1.367012
2.440983
1.822106
0.054264
1.001432
0.819852
0.546398
1.616166
2.835568
1.728404
0.178034
0.707847
2.076623
2.749402
1.351405
0.173722
1.935350
1.350254
0.589948
0.064052
-0.023528
0.221223
0.535673
1.079052
0.589442
0.000275
0.274339
3.045519
0.596335
5.638671
2.834412
2.242387
1.424193
1.315897
0.406783
-0.538986
0.382187
0.180553
1.303408
1.488898
2.440286
0.416046
1.568284
-0.470769
1.980092
-0.228035
0.420758
0.751773
2.400149
0.405941
0.310163
-0.070548
0.140255
0.588570
0.955758
2.264578
0.572380
0.308662
1.261268
1.379527
2.821221
2.384703
4.633034
0.727108
0.238656
1.405192
2.613386
1.817019
3.849203
7.925785
4.765039
1.121393
2.472234
4.947427
1.844168
0.500730
1.875689
1.498794
0.548448
-0.236776
0.536823
0.892587
0.488269
2.805521
1.337119
2.333655
5.098106
1.386586
2.957152
0.236837
1.167351
0.229972
0.506602
1.206176
0.682776
0.461347
-0.131656
-0.900362
-0.037843
1.796345
1.674881
0.699011
0.992732
1.197465
-0.238094
0.984918
0.239931
0.062861
-0.097749
0.868271
1.166952
1.077636
1.990896
0.363674
-0.001756
2.193181
3.870552
0.572563
2.248851
1.241694
1.591112
1.235082
0.409857
0.910320
0.491814
0.611178
2.082958
1.430055
0.449994
-0.229752
1.235836
1.233643
1.371954
0.738332
1.990825
3.630889
2.161532
2.449108
0.846977
3.702392
1.291849
2.901964
5.016060
0.863434
3.208248
1.119327
0.025020
1.178057
0.562823
0.861094
1.538163
1.761316
3.194587
1.511205
0.777594
-0.067736
0.319790
0.474410
1.572518
0.932012
-0.095205
1.181835
1.598563
1.231945
1.507582
1.791209
3.507311
1.369776
0.340231
1.781804
1.687484
1.414550
0.987991
0.231970
0.771118
0.856365
1.116965
1.197171
1.716674
0.785485
0.377412
0.422935
0.734778
0.823110
-0.360597
0.233462
-0.812536
2.872557
1.318563
5.334014
2.076338
-0.198580
1.274079
2.698895
1.306993
1.479701
2.379171
0.683077
1.356219
1.402893
0.759399
2.806196
1.538314
0.437718
0.120859
0.378140
0.714618
1.499211
1.073601
1.389562
1.725971
1.391286
0.145134
1.659784
0.649129
1.501688
3.809480
0.979100
1.251350
1.082358
0.623214
1.257548
2.140731
1.315168
1.439680
0.181088
1.768119
1.582319
0.130371
0.533725
1.527270
1.020242
0.323542
0.920056
0.517365
-0.202947
0.988858
0.512020
1.764521
1.531621
0.786390
3.339257
2.354146
0.680468
1.120255
0.213574
1.328898
1.050329
1.554179
1.598369
2.685881
0.009116
0.456267
-0.329031
-0.362975
-0.615381
-0.383810
0.459820
0.104974
0.179354
-0.329221
0.570833
1.389907
1.979881
1.922317
-0.317750
0.338432
-0.142524
0.862775
0.875245
0.382218
0.858402
0.327410
1.023935
2.016098
0.541364
1.061677
2.012692
1.119514
0.789155
0.134716
1.420059
0.280867
1.281515
0.848271
0.639207
-0.221873
0.686603
0.922617
1.099167
0.420825
0.090932
0.613125
0.867688
0.672437
1.592514
0.526307
2.184607
1.725469
0.970276
0.670513
0.522839
0.607087
1.386613
0.277751
0.691622
0.422233
3.293676
1.819172
1.056574
2.160018
1.331040
2.871196
0.799173
1.760453
0.217684
0.097370
1.087924
1.156072
0.372538
0.699815
0.665421
0.816809
1.234428
1.107491
0.452287
0.303221
1.048342
0.116489
1.657108
1.334618
0.235538
0.862335
0.922379
0.879142
1.366015
1.449586
0.583697
1.319964
1.263770
1.373214
1.552994
2.285991
-0.339709
0.538555
0.613551
2.265348
0.597111
0.851858
1.619183
1.094277
0.587387
0.416102
0.556812
0.578821
1.703570
2.053861
0.076707
0.664986
0.100057
0.556980
0.465253
0.929040
0.792366
0.027645
0.732800
0.818678
0.369549
0.537117
0.799265
1.196680
-0.397289
1.335260
0.404047
0.329805
0.124879
1.184505
1.000589
0.337014
-0.112817
0.542297
-0.274381
0.695002
1.535856
0.957032
1.043260
0.575360
0.316421
1.292706
0.368194
0.667379
2.117537
1.300698
0.586039
1.344679
0.031658
0.601350
0.598678
0.490467
0.019084
0.553365
0.417663
0.834353
0.962018
0.514901
1.343127
1.510118
0.732544
0.388163
-0.106486
0.610355
1.313679
-0.036935
0.297641
1.668564
0.480122
0.848254
-0.353882
-0.475370
1.594224
0.847638
-0.049968
0.957163
1.006580
0.380924
1.351888
2.658310
3.502738
1.352560
0.249484
0.456393
3.180957
0.740611
4.872100
2.670964
1.256101
2.644069
0.573840
1.009777
1.484622
0.704204
0.168875
0.852567
1.189166
0.721314
0.113793
0.528983
1.027756
0.847862
0.436411
1.587412
2.025223
0.562308
2.782064
1.559380
0.578897
1.243014
0.499484
0.355990
0.386577
0.360846
1.340552
0.662592
-0.147522
0.293521
0.117194
0.382835
1.626049
0.701434
1.276148
2.296691
0.653127
0.789221
0.047948
0.332440
0.912850
0.095501
1.079489
0.161707
1.454952
0.649331
1.163728
0.960033
-0.012383
0.686595
1.342058
0.168116
2.644833
0.779244
0.669682
1.566378
1.514582
1.103000
0.498437
1.848051
0.637992
-0.293438
0.999814
1.129481
1.379289
0.545627
0.358553
-0.015341
1.538411
1.270020
0.814045
-0.043805
0.400130
1.086132
0.594268
2.071784
0.133465
0.127525
0.645984
0.443885
1.322616
0.534907
1.122425
1.891651
1.003059
0.620038
-0.068352
0.510512
0.657230
0.970853
1.219254
0.679436
0.056386
0.021551
1.486391
1.044913
0.662676
0.174088
0.690587
1.107711
0.027390
0.233506
0.431983
-0.762475
1.757313
1.166905
-0.284942
0.727216
1.108269
1.323585
3.204482
0.685716
2.895208
1.447499
0.523300
0.917304
2.526049
5.093954
2.930436
3.017316
-0.881395
0.476264
1.045175
0.708448
1.137949
2.272744
-0.249557
0.962452
1.350718
0.809563
2.544304
0.839701
1.700575
3.506538
0.621589
1.456253
0.408451
1.934935
0.824224
-0.203691
0.498953
0.677909
1.218493
3.143108
-0.102822
0.810259
-0.143081
0.437680
0.562437
-0.276741
0.365315
-0.278868
-0.166001
-0.109483
-0.861065
0.236585
0.457074
0.341433
0.782707
-0.548845
0.979316
1.215608
-0.117978
-0.645476
0.975755
1.838744
-0.543616
0.000559
0.588189
1.046319
4.296043
0.780606
3.075889
1.043942
7.976243
3.548821
0.288610
-0.285347
1.094550
2.247259
5.241287
2.532750
0.607759
2.508940
-0.222626
0.101566
0.648732
-0.147026
3.287736
0.658344
1.600444
-0.136815
3.062211
0.933923
5.717987
1.655920
0.071749
1.067254
3.480680
0.809961
2.513486
0.651001
0.300401
0.616375
5.216009
2.778818
0.796567
2.836641
1.108575
1.882204
0.857030
-0.325825
-0.245422
1.570718
0.745721
0.808534
0.319876
0.880730
1.503946
1.720195
0.592881
1.210952
0.416683
0.677599
1.420234
2.325790
3.856670
1.885592
0.442760
0.965153
1.928410
1.096741
0.220874
0.922995
0.533499
0.503242
1.809909
0.624288
0.821100
0.895833
0.315298
0.987633
1.315708
0.842269
0.719537
1.876403
0.252566
0.975449
1.032619
1.327035
0.664173
0.167988
0.610644
0.934147
0.480456
1.586709
1.427440
1.034469
1.191350
1.082595
0.570684
0.746407
0.395391
0.874344
2.159024
2.297257
1.171741
1.698521
1.398766
1.392927
0.867934
1.254680
0.732372
0.695533
0.919196
1.851573
1.230115
1.205269
0.651811
1.494263
1.166775
0.978865
1.514467
1.296218
0.521204
0.737736
1.291013
0.979849
1.148199
1.324277
2.213020
1.543615
0.831751
0.688087
0.750896
0.487013
0.646383
0.764473
0.572381
1.136712
1.033020
0.413443
0.696294
0.512473
0.968086
0.026494
0.509431
0.392308
0.587803
0.302393
1.625351
1.118649
0.010314
0.719596
1.369174
1.958776
1.283238
1.559284
1.309386
0.601737
1.420171
1.685621
0.097649
0.297460
0.658691
0.253590
0.445612
0.950600
1.167656
0.930324
0.814488
0.735497
1.296903
0.392023
0.348222
0.419718
0.760080
1.075870
0.912577
1.155322
0.642325
1.318173
1.809339
1.993326
1.405720
0.889192
1.127958
1.267270
0.971283
1.071699
0.693701
0.597534
0.679737
0.112248
0.561555
1.849440
0.135874
1.020808
-0.352242
1.200804
-0.120354
1.323509
0.101476
0.164050
0.257590
1.321210
2.072564
0.345697
0.065223
1.245857
0.043388
0.600339
0.989850
0.668146
1.373151
1.683466
1.600751
1.266768
1.734334
1.401981
0.709642
1.280222
1.712194
0.939701
1.388543
0.531950
0.472575
1.172622
1.168502
1.922077
0.923393
2.251499
0.802915
0.678454
3.058112
1.154361
1.532382
2.610258
2.134297
4.004646
0.393450
1.000556
0.774034
0.147698
1.537894
1.899898
0.779183
0.302967
0.815951
1.144340
0.587375
0.992436
1.117347
2.380766
1.061537
1.613638
0.673078
0.780105
0.953689
0.816443
1.428077
1.414177
1.386292
0.706399
1.946222
0.490789
1.190119
2.517327
0.984727
1.332336
-0.205291
0.223933
0.873412
0.275784
0.912659
1.384829
0.994362
1.833898
0.961199
0.692960
-0.152955
0.352044
2.158602
1.154479
1.573879
1.310964
1.591386
3.266631
0.597751
1.045494
1.277827
0.264517
1.012581
0.569868
1.301728
0.812765
0.925741
1.254689
0.604879
-0.057423
0.642911
1.434858
1.122480
0.565717
-0.140417
0.588675
0.122250
1.054451
1.491228
1.345338
0.584374
1.138995
0.610763
0.958253
1.332718
1.441240
0.367920
0.409411
0.493165
0.748861
1.126016
0.423656
1.140051
1.357712
1.333828
1.191175
0.415426
0.635067
1.258737
0.585494
1.847448
1.014311
0.703863
1.807170
0.125943
1.111265
0.602878
0.754295
0.990294
1.171904
0.937142
1.219715
2.754893
1.659599
1.446794
1.356883
0.423281
0.897277
1.224563
1.472754
0.566487
0.371945
0.670726
0.982951
0.929439
1.168190
1.424968
0.470073
0.121869
0.959568
0.630268
1.395823
1.318947
-0.307125
1.132232
-0.779425
2.391209
0.383497
1.717431
3.141753
0.838210
1.360037
1.955143
0.959673
0.145180
0.518115
-0.145846
0.557816
-0.123324
0.671107
-0.124575
-0.099848
0.237354
0.342607
1.114319
0.345400
0.877525
0.557697
0.487513
1.727104
0.154005
1.108356
0.893354
0.438235
0.533146
1.005469
1.359346
0.563533
0.251692
1.306308
0.909486
-0.000644
0.012503
0.883460
1.013063
0.169078
-0.442052
-0.258251
1.925252
3.412992
1.822097
1.814001
1.325822
1.813399
1.168799
0.201467
0.549070
1.154324
1.639833
0.527691
0.489569
0.402525
-0.204292
0.240201
1.349341
0.655252
-0.300634
0.579590
1.215673
1.689926
1.256503
-0.934578
0.665771
3.225281
1.656714
0.800494
0.383891
1.082588
0.915902
1.465303
2.062000
1.109615
1.082194
1.196707
2.115537
4.251808
1.406191
1.958245
1.213519
0.687672
3.342910
0.874240
1.031228
2.876338
4.605443
2.011555
-0.072344
0.339030
-0.002580
-0.526427
0.404523
1.090876
-0.055902
-0.337652
0.333522
0.326778
0.551183
1.006089
0.149248
0.022035
-0.543080
-0.212327
0.375570
0.633777
0.505830
1.806361
-0.018085
1.160607
0.421979
1.399864
0.519756
1.193212
1.051474
1.516844
1.136458
2.712098
2.308592
0.783702
-0.163943
0.747295
0.028029
-0.624133
0.378081
0.007350
0.891627
0.682834
0.579124
-0.061759
1.196586
0.952598
0.680671
0.731974
1.062166
0.893355
-0.198061
0.272419
0.189866
0.476497
1.411166
1.211749
0.575337
-0.060408
0.496159
-0.327813
0.657224
-0.288698
0.406362
-0.084765
0.126430
-0.101863
0.582816
0.572749
2.424956
0.947811
1.141660
1.082026
0.534597
0.924210
1.036607
0.587055
0.602484
0.748004
1.375837
0.070208
0.505016
1.050984
1.162403
-0.163770
0.788635
1.104858
2.662403
0.872136
0.110127
0.646564
2.943501
1.316532
0.043305
1.768876
0.582032
1.981949
1.497329
0.198324
1.785460
1.477215
0.780783
1.393060
1.849150
0.965366
0.366628
0.568231
0.709225
0.432512
1.198122
1.420841
0.400935
0.892986
0.085407
0.865548
0.231140
0.750351
1.100188
0.436536
0.173668
1.105788
1.497186
0.865138
0.994214
0.172180
0.012243
0.538726
0.372022
0.038344
0.449358
0.932275
1.523261
3.570902
0.719749
1.572623
0.860767
-0.589066
0.616996
1.408857
4.567096
2.517773
2.387071
0.965912
1.828388
0.319528
2.926033
2.178731
0.243887
0.329647
0.351949
0.193510
1.409991
0.942526
0.183228
-0.129442
2.366536
0.636417
1.026675
3.108266
0.529614
0.930653
-0.120411
-0.092536
1.998916
4.090477
7.863673
4.077855
4.405361
1.928239
2.026592
0.216609
1.712990
0.951387
-0.379771
1.148042
0.943473
2.104294
1.833785
3.984950
2.552641
0.965437
0.502310
0.885216
4.794758
2.072259
1.382067
0.064549
1.614436
1.285277
-0.371489
0.363618
-0.464335
0.865252
-0.326005
0.850177
1.419999
0.102591
-0.710321
-0.265863
1.179534
2.370880
0.481993
1.534051
3.180504
4.927436
3.076725
1.937805
0.911914
2.437001
1.807389
0.726717
1.196494
0.446412
0.622997
1.161635
0.906374
2.226934
1.730412
2.497286
1.599095
1.995249
0.894664
1.197422
0.980708
0.695262
0.680750
0.412588
1.255963
0.778334
1.685025
1.953086
1.870042
1.154609
1.442736
3.844116
1.278261
0.499998
-0.530326
0.998726
0.428662
1.404101
0.756000
-0.137671
-0.305923
0.269865
0.985560
0.972647
0.979284
0.099929
0.433783
0.019187
1.660258
1.884322
1.296498
-0.050836
2.275718
1.768972
1.119380
2.156659
1.290088
0.579061
0.487981
0.752680
0.575477
1.954234
0.754039
1.569411
0.626692
1.402124
0.812469
1.359122
-0.378863
0.804852
1.102935
0.594031
0.444235
1.364783
1.068446
1.432964
0.521179
1.184912
2.811074
1.345950
4.159241
2.139373
2.371329
1.904453
2.627831
1.024630
1.577811
0.552173
0.867580
1.117914
0.828563
0.728271
0.657089
-0.219000
0.591091
0.612124
0.499426
0.567261
1.158364
1.118128
1.016968
0.459387
0.477990
1.483618
1.248930
0.035740
1.432426
1.473082
1.288043
0.239771
0.822516
0.624674
0.198738
1.160982
0.765950
0.728912
1.375851
1.113630
0.431602
0.308944
0.033382
1.560350
3.461465
1.694837
1.326227
1.674852
-0.117532
0.187714
5.444025
2.437883
2.912323
1.591137
1.887164
1.095227
3.311268
1.243544
1.522240
0.678032
1.292916
0.155174
0.320550
1.187511
0.966613
2.100465
1.772936
3.201987
0.313228
1.937405
1.213272
1.973174
0.899655
0.987901
0.392251
0.138524
0.092675
1.075498
0.561166
-0.167263
1.070399
0.276072
1.103725
0.923246
0.525953
0.383694
1.154002
1.873955
1.654101
0.988266
2.272540
1.499265
1.705944
0.508189
2.296795
0.876796
0.028425
0.171918
-0.259407
1.193684
1.753534
0.738740
0.777170
1.351141
0.616842
0.783850
1.413207
2.715008
1.440082
1.194617
0.079423
0.131702
1.019888
0.769188
0.063708
1.069513
1.410210
1.175929
2.090408
3.472397
0.484118
1.196147
1.195497
3.116617
4.901847
1.722729
0.383876
0.466201
2.365796
1.103356
0.498223
1.791716
1.253344
3.249714
1.876585
1.930795
0.197306
1.250614
0.046211
0.916402
1.594268
0.493760
1.023710
2.061616
3.683015
2.095876
0.840157
0.676464
0.499912
2.440428
-0.603373
-0.243529
1.012631
0.449440
-0.238741
0.871002
0.334741
-0.900720
1.072036
0.909299
0.341834
0.194623
1.264438
1.096113
1.910975
1.712627
1.396375
0.176997
0.623071
0.853374
1.256734
0.614386
0.998627
1.623725
1.442574
0.832347
0.582421
1.039066
1.397799
1.103942
0.832880
1.050187
0.979118
1.063896
0.649064
1.634797
0.817673
0.995899
1.341179
1.309349
0.839584
2.485174
1.940859
2.328251
0.090123
0.116287
0.854498
1.778594
0.924856
1.479189
0.473893
1.291946
1.250396
1.959343
1.261371
1.385193
0.151892
1.370758
1.123254
0.695888
0.495478
0.818355
0.451743
0.557097
1.031581
1.601944
0.155233
0.330934
0.932837
2.273328
1.989447
3.147110
2.009154
0.217007
1.213196
0.588416
0.474993
1.011183
0.293951
1.424734
2.153839
0.707758
0.558169
1.589127
0.968203
1.394005
0.723700
1.276543
0.528683
0.523996
1.279424
0.198445
-0.372843
-0.019862
0.339987
0.610071
0.282090
0.889785
0.522974
0.112653
0.309209
-0.034649
-0.017523
0.266762
0.585161
0.870221
0.417731
0.312425
1.147732
0.438726
0.738343
-0.331213
0.814345
1.108568
1.689874
0.809870
0.142067
0.750113
0.981245
1.287255
0.243613
0.047970
0.779837
0.965987
0.801060
1.402365
0.819662
1.301285
0.346529
0.533164
1.015339
0.803582
0.964524
1.408485
2.226111
0.620670
0.086302
-0.147129
1.023788
0.576818
-0.168118
0.235019
-0.001160
0.340539
0.693066
2.057805
1.320838
1.692908
1.050663
1.604530
0.935591
1.625957
0.523511
0.494183
-0.034940
0.198599
0.725102
1.186010
1.544697
2.318596
1.436762
1.137180
3.258083
1.835944
1.238279
0.342849
1.139625
2.293098
1.036298
0.269392
1.038297
2.150069
-0.099358
-0.149305
0.709227
0.299763
1.188577
0.668041
0.863221
0.527538
0.208821
1.021083
0.928868
0.570343
1.097562
1.854184
1.914494
0.489304
1.731249
0.336002
0.467741
0.449433
2.444811
1.994415
1.007445
1.523547
0.769625
-0.193613
0.816715
1.394140
0.453216
0.731244
0.453818
-0.113468
-0.015414
0.645218
0.187551
-0.091845
-0.266421
0.572579
0.057017
-0.331749
