0.241164
-0.229648
0.640968
0.880770
-0.398455
-0.366584
0.636057
0.697906
0.154787
1.109449
0.601349
0.608138
0.737819
0.163514
0.096713
1.341721
0.518619
1.612440
0.879960
0.727927
0.917976
0.788619
0.247891
0.553845
0.621260
1.503282
0.413791
0.881632
0.992615
1.195638
1.729002
4.476661
0.012009
0.369665
0.119179
1.222932
0.511556
0.819210
1.101932
0.680263
2.268066
1.370018
1.084730
1.174572
1.257830
1.087572
0.757276
1.000181
1.489495
0.609705
0.951198
0.478040
2.241996
1.291209
1.210165
0.531000
0.886503
0.901832
0.204454
1.119879
1.047261
1.826793
1.831497
1.290934
0.823863
0.927072
1.240723
1.336766
0.281721
0.595517
0.930213
0.770452
0.557263
0.823219
0.960576
-0.055746
0.491112
0.427918
0.295592
0.559531
0.614515
0.863873
0.734005
0.975847
0.900644
0.900921
0.360665
0.655527
0.637006
0.683014
0.145579
2.165493
1.092934
1.429835
0.526692
0.568505
2.697038
1.079307
0.408840
1.313844
1.261618
0.602156
0.710155
0.249365
0.612004
0.531881
0.517119
0.643074
1.087184
1.923848
0.830948
1.646729
1.594570
1.321324
0.656106
0.711640
1.495953
0.774824
1.547321
0.909135
0.942329
1.265876
1.023896
2.037268
1.870092
1.092239
0.703382
0.814052
1.480559
2.137810
0.868813
0.735732
0.564308
0.632163
0.863932
0.683884
1.288868
1.288514
0.432444
0.605301
0.848917
1.623620
0.399424
1.297557
1.712904
1.644809
1.068936
0.893743
0.525164
0.956139
1.842071
1.548137
1.052212
-0.128271
0.504274
1.158430
1.123861
1.062195
2.089629
1.081282
0.200850
0.632559
0.456336
0.345919
0.337182
0.557963
0.920817
0.547625
0.357587
0.498756
0.559421
0.667852
0.783662
0.051411
-0.270507
1.112437
-0.013549
1.080512
0.238502
-0.618091
-0.248857
0.740453
0.910240
0.820058
0.606232
1.230754
1.284235
1.392859
0.948281
0.579256
-0.010155
0.596567
1.648175
0.367334
1.030986
1.778034
2.566487
1.279713
1.323632
0.960185
0.763038
0.296701
0.700086
-0.229217
0.161002
0.426849
0.027295
-0.165211
1.255006
1.570293
0.982387
0.943456
0.359880
0.134040
0.874327
1.136925
1.272047
1.582074
0.714036
1.021930
1.037812
1.109026
1.654087
0.946823
1.455688
1.212791
1.481208
0.959094
0.321887
1.393785
0.964511
1.137051
1.502384
1.139294
1.270936
1.025774
2.703506
1.416954
1.784496
1.271958
1.634250
0.507457
0.166441
0.474051
0.299541
1.083922
0.178780
0.359615
1.143596
0.332803
0.252402
1.440568
1.906670
0.437744
0.743961
0.676275
0.387821
-0.315089
0.329441
0.309121
0.371570
0.649465
0.523111
0.437624
1.163368
0.694691
0.636289
1.010747
1.351612
0.197314
0.621926
0.607723
0.536044
1.026452
0.102871
0.756262
0.546912
0.264061
-0.002765
-0.300180
0.706778
0.726404
0.889555
-0.329187
1.540926
1.300650
0.943245
1.006011
1.672868
1.311384
1.915697
0.739445
0.466856
1.413081
0.223942
0.458559
0.480163
1.090082
0.779108
0.530973
1.429101
1.555424
0.810698
1.976686
0.939481
0.819462
1.181589
0.689706
0.783622
0.971692
0.098863
-0.002668
0.592372
0.686641
0.905153
-0.091130
0.036092
-0.405595
0.081665
-0.083525
-0.099558
0.254933
0.349080
1.094293
0.185826
0.199877
0.906141
1.551053
1.663356
1.865252
0.600381
0.926301
1.407110
1.015484
0.493238
1.128701
0.882780
0.323991
0.646218
0.990855
0.458995
1.167681
0.989557
0.611554
0.638715
0.583077
0.889676
-0.421472
0.442861
1.077757
0.575101
0.274136
0.478472
0.051626
1.102080
1.303711
0.346872
0.367411
0.590878
0.575800
0.441850
0.494644
0.311293
0.529344
0.781383
0.856622
1.150770
0.811160
0.824244
0.828187
1.042258
1.558019
1.501965
1.124674
0.128624
0.730219
0.284420
1.418217
0.227207
-0.512784
0.971429
0.753168
0.638406
0.345811
0.754974
0.913855
0.967673
1.931415
0.959033
0.870980
1.338105
2.286428
0.496194
0.689452
0.265407
0.476727
1.894678
0.583616
0.416910
1.130954
1.264917
0.623776
0.684471
1.283798
0.536042
1.494021
1.204464
0.584059
1.086994
0.419775
0.604520
1.290136
1.228642
1.221624
0.321307
1.339143
0.747897
1.059574
0.557256
0.917132
1.302314
0.785901
0.901120
1.564410
2.331368
1.238674
0.231139
0.745292
0.812092
0.748045
1.118291
1.108230
0.288970
1.182621
0.767815
0.689967
1.103655
0.090175
0.980791
1.169077
-0.108384
1.257082
1.281102
0.691430
0.550161
0.585085
1.288031
0.448894
1.203055
0.759365
1.320959
2.085558
1.365512
1.066618
0.584131
1.263189
1.493558
0.733217
1.029387
0.757973
1.339329
0.928958
1.125717
1.622428
0.761911
0.791882
0.649211
0.594104
0.386108
0.285941
0.348268
0.600631
-0.044353
0.137152
0.689972
0.210637
0.407678
0.402936
0.202647
0.608110
0.166990
0.214404
0.543736
0.777388
1.761065
1.146969
-0.335559
0.632341
0.922254
0.681678
1.340927
0.549416
1.006941
1.065742
0.791611
0.320382
1.223995
0.582272
1.170981
1.653773
1.413271
0.402082
0.307878
0.318677
-0.528829
0.562018
-0.171722
0.319845
0.365200
0.353384
0.200850
-0.306147
0.897682
1.239644
0.703923
0.282150
-0.214946
0.644531
1.494975
1.234699
0.483928
-0.315443
0.458018
0.585550
1.679304
2.682089
0.538273
1.057048
0.743648
0.579337
1.342754
0.361019
1.200595
0.588629
1.741447
0.708549
-0.376252
0.791004
1.066247
1.878534
1.965848
0.864447
3.456778
2.125699
0.774577
0.809339
0.563647
0.334320
0.653648
1.257882
1.386451
1.016240
1.010367
1.695603
1.647662
2.192566
1.269684
0.387850
0.332313
0.635880
-0.510104
0.230871
0.100030
0.534042
0.211437
0.376203
0.576584
-0.498918
0.664704
1.641090
-0.205401
1.206141
1.347976
0.385021
-0.047037
-0.374860
1.186380
2.575399
0.197075
1.075419
2.111040
1.101835
2.211931
3.260581
0.592753
0.784571
0.494842
-0.169124
1.443188
1.832246
1.642054
0.446440
0.692163
1.060427
0.507817
0.530293
0.249801
0.608897
0.770279
1.897021
1.007877
0.622546
0.753895
0.056227
0.015780
-0.160185
0.430297
-0.637085
1.547039
0.418513
0.078723
0.132422
2.104013
3.025074
1.906318
0.129154
3.511534
1.623715
1.651909
0.055711
5.488328
2.388624
1.617479
3.436747
-0.090116
0.692665
1.089912
0.596577
1.916350
0.696941
3.906611
2.509158
-0.032841
0.017773
1.200828
1.368835
1.140485
0.262370
1.751478
0.629060
1.723128
1.334011
0.831958
0.187981
-0.026808
0.261476
1.619870
1.473793
0.263836
0.058984
0.558676
-0.019622
1.200982
0.763345
1.043349
1.718915
1.288873
0.962572
0.400728
1.043413
0.942919
0.668209
-0.108243
0.756142
1.190377
1.429483
0.603162
0.895855
0.635558
0.476835
-0.127740
0.069380
0.583662
1.548178
2.791436
1.272902
0.313118
1.151519
1.760211
1.135523
0.192461
0.683838
2.089178
0.622036
0.968100
2.676578
1.735312
0.795698
0.222748
1.125956
0.443837
1.549134
0.808934
0.275534
0.670343
0.654683
0.768626
0.811219
0.793540
1.384863
1.898821
0.579922
1.407965
1.986215
0.368760
0.528541
1.063117
0.298938
0.896328
1.374668
0.953295
0.518161
0.484285
1.885036
1.356364
0.184920
0.928031
0.938170
1.056118
0.795428
2.363729
3.161067
0.767515
2.673169
1.232386
1.132636
1.426488
1.330613
0.752018
1.388218
1.427445
1.530265
0.708489
0.890391
1.533997
0.853813
0.881104
0.137895
0.908017
0.871208
1.011698
1.918743
0.856123
0.699778
1.199969
0.771094
1.100837
0.547012
0.935581
1.465292
0.596023
0.052147
0.642965
0.243666
0.354635
0.872080
0.504998
0.321502
1.019906
-0.141997
1.249089
1.516125
0.617235
0.388590
0.504310
0.579129
0.914645
-0.035601
-0.160480
1.201553
0.863027
1.444619
1.414742
1.937478
1.236025
1.018537
1.954465
0.527213
1.730126
1.143002
0.132029
0.377866
0.393811
1.023026
0.983626
1.265217
0.565506
0.193532
0.081627
0.286819
0.870690
0.834099
1.345748
1.255665
0.383141
0.607177
0.382138
0.921789
0.837654
1.019754
0.655901
1.130387
0.713156
1.713103
0.174106
0.975563
0.369697
0.814791
0.657903
0.503918
0.771215
0.828616
0.770539
0.636502
0.049345
1.075241
1.148189
1.569095
0.989784
0.758177
0.199726
0.522435
0.041561
0.560643
0.716623
0.994461
0.470587
0.930892
0.309981
-0.122616
0.970808
0.656567
0.948113
1.223616
1.510734
1.369658
0.846080
1.077981
1.360511
1.438875
0.917995
-0.399559
0.541983
-0.426799
0.374723
0.267716
0.274477
0.780858
0.535841
0.466937
1.143685
0.554373
0.604202
0.899355
0.437574
1.089121
0.244849
1.343260
0.733268
0.498655
0.929772
0.865507
0.214949
0.003447
2.014159
0.525422
1.224852
0.342888
0.445349
1.483293
1.503107
0.369415
0.158528
0.704099
0.713406
0.269461
0.830135
0.642843
0.968856
1.118965
0.797199
0.742526
0.171585
0.373128
0.262526
0.029938
0.342544
1.251925
0.528647
0.100502
0.201836
0.406170
1.018083
-0.450996
-0.349247
-0.069860
0.274718
0.632842
0.852620
0.423193
0.088226
-0.123247
0.302635
0.786717
0.444046
0.874150
0.527567
1.005522
1.066314
0.690376
0.190703
0.772212
0.788649
0.338816
0.479656
-0.012093
0.550715
0.211821
-0.037996
0.993865
0.823568
0.112994
0.434150
0.893463
1.115693
0.889343
0.638588
0.998100
0.498102
-0.032146
-0.070931
0.115353
0.348180
0.953706
1.457686
1.456838
0.798083
0.822599
1.089941
0.533677
0.555253
0.451459
1.051582
1.143164
0.099953
0.456683
1.601964
1.044942
0.366602
0.867037
1.404445
1.491807
0.310914
1.688558
1.962403
0.964120
0.100166
1.017974
0.298524
0.628399
0.088556
0.817214
0.625502
0.666729
1.763988
1.186179
0.264004
0.771412
0.946527
1.133889
0.986700
0.623800
0.650999
1.195529
0.706357
1.453825
0.845945
1.118484
0.733551
2.446005
1.011998
1.662726
1.883561
2.533901
0.491668
0.953566
1.571721
1.140579
0.709448
0.962383
0.851665
0.360767
4.020909
2.019212
1.901365
0.299027
1.373389
0.948162
2.160448
1.722326
0.935892
0.800519
0.752902
2.142988
1.352458
1.311800
0.667509
0.729158
1.528467
0.655339
2.055942
1.051229
1.165073
1.357497
0.758192
0.233820
1.272773
1.458124
1.302760
2.290096
1.343665
0.180117
0.624802
1.463362
0.718440
0.325379
0.976074
0.588688
0.085886
0.313248
1.076320
2.287383
-0.230547
0.412819
1.760906
0.613537
0.934974
0.604447
0.586721
0.726500
0.510803
0.741932
0.509814
0.526937
-0.628370
0.289823
0.900217
1.206704
1.702570
0.359287
0.870686
1.224284
1.506284
0.126061
0.427002
0.324469
-0.060955
0.410892
0.379114
1.465587
0.358010
0.752729
-0.452721
0.493560
1.074341
0.648915
2.009574
1.344105
1.135525
0.432394
0.491244
1.057799
-0.013789
0.919165
1.259893
2.374903
-0.083967
0.303359
0.800904
0.911763
1.631945
1.245289
0.911407
-0.022488
1.582924
4.091892
0.698543
1.324560
0.014196
1.033243
2.288395
0.943565
-0.068001
0.322376
0.367751
1.109649
0.536655
1.978914
0.082674
0.535734
-0.107591
-0.107015
-0.458406
-0.354406
4.656309
2.625383
2.381293
1.114993
0.226691
1.485829
1.924219
3.180114
1.365974
-0.049922
2.510823
1.648049
0.615551
1.497791
0.330491
0.637970
2.047777
1.143868
0.667478
0.087675
1.199821
0.666031
1.015053
0.352688
1.285742
-0.066136
0.716970
1.270937
0.589292
0.556593
0.164558
0.660841
0.126533
-0.053565
0.707514
1.139559
-0.003289
0.708494
0.117230
0.626258
0.701522
0.375460
2.129614
1.012198
0.364753
0.830011
-0.333751
-0.422096
2.881607
1.659531
2.134061
0.240511
0.145152
0.311176
1.026929
1.026189
3.493696
0.952689
0.136073
-0.693021
1.750840
5.898864
0.236350
2.406760
0.278817
2.278629
4.780038
3.172904
1.816227
0.464487
0.649868
-0.235739
0.825832
1.668207
4.718738
1.641276
4.057600
1.153644
7.875024
4.037537
0.452311
1.695924
1.120427
4.072637
-0.230208
-0.393827
2.264934
1.235410
-0.029341
0.938136
0.382149
-0.341778
2.766287
1.806670
0.727437
1.037668
0.316904
1.179501
3.522368
1.049758
-0.515069
-0.087452
1.673633
0.933249
0.905553
0.783131
2.238972
1.136570
-0.118880
-0.302499
0.994838
0.305057
0.592449
1.564008
0.023107
-0.536149
0.443813
0.385595
-0.167125
-0.393988
2.027722
0.964196
0.582569
0.831327
1.114257
0.663715
0.094283
0.415777
1.338208
1.008881
1.956479
1.338825
0.645243
0.169794
1.152396
0.512734
1.698878
0.382721
2.918943
1.324756
1.269816
1.020161
1.180339
0.626762
3.512693
1.064390
1.492749
1.172728
1.546708
1.629216
0.314946
0.934339
-0.033024
1.065105
1.336321
2.329467
-0.489857
-0.236107
0.221964
1.785642
0.718909
2.086743
0.475766
0.350575
1.590650
3.828422
0.711077
1.565539
1.931130
0.841253
4.069458
1.984696
2.747821
1.345813
1.907069
0.567464
-0.882181
0.387279
0.293416
0.636290
0.665791
1.356008
1.016113
-0.061237
1.022008
0.345217
1.623888
1.261400
0.541629
1.236638
0.523516
0.079759
-0.569634
0.197930
0.741513
1.103106
-0.326934
-0.078959
0.330231
1.281657
0.989174
1.135738
-0.115877
0.748051
0.501151
0.853022
1.680797
0.452944
3.114660
1.335407
0.711573
2.141274
0.680759
1.692780
0.747813
1.101205
2.899421
1.149562
1.360439
0.861546
0.420979
0.297047
0.553434
0.634933
1.215521
0.955336
1.128568
-0.063898
1.854401
1.367678
0.194066
0.498157
-0.020544
0.651818
1.426032
1.534307
0.354647
1.111762
1.060515
0.365634
0.499878
1.268873
0.899472
0.675095
0.361936
0.043136
0.573094
0.182235
0.691015
0.435855
0.917391
0.474935
1.517683
0.943301
0.614514
0.390776
0.001572
0.959225
0.569074
0.993137
1.114471
0.784488
0.352242
0.629629
0.844606
1.387292
0.850830
1.108895
0.481954
0.249767
1.227768
0.204056
0.550465
-0.173920
1.448910
0.822305
1.177926
0.490966
0.595759
1.746747
0.164992
0.744663
0.072107
-0.042638
0.481282
0.995788
0.970719
0.382621
0.526868
0.287821
-0.099587
-0.003241
0.206929
0.404660
0.067389
0.884231
0.033255
-0.044719
0.932634
-0.315708
0.557926
1.129569
0.011968
0.009255
1.125279
1.921218
2.172100
1.300524
1.331663
1.009901
1.430848
1.403530
1.082533
1.534953
1.271574
0.660536
0.936839
-0.145549
0.558566
1.532634
4.418523
2.246773
2.027429
1.073255
0.250314
1.484266
1.316878
2.616528
1.449781
0.455943
0.942740
1.434369
0.531739
1.216379
2.219219
1.946109
0.555982
0.794445
0.580250
0.637447
2.011142
0.695301
1.741106
1.075488
-0.649366
0.766594
0.909766
0.382858
0.910507
0.805783
-0.125379
-0.144066
0.256654
1.383204
1.369412
2.330698
0.831962
1.540743
0.644436
-0.232305
0.392407
0.692582
1.090486
0.697625
1.315809
1.456820
0.177987
0.814950
2.320847
3.550250
0.910935
1.220476
3.546287
1.488360
3.570299
4.883418
1.195832
-0.015347
1.177482
2.556507
0.928969
2.089534
1.278531
3.069983
2.126597
0.653211
0.747425
0.244084
2.157133
3.037248
1.597382
1.457234
1.803317
1.805972
0.145828
0.781345
0.268810
0.914470
1.180237
0.718359
0.837600
0.733036
0.001268
0.663672
0.254947
1.410036
-0.068837
0.494328
1.143028
0.270318
-0.042867
0.844022
1.085418
0.314603
2.089989
1.423539
1.951219
3.624405
0.884070
1.760584
0.257986
0.717148
0.745936
2.581592
2.817146
0.894493
0.227032
1.038399
0.055282
0.636882
0.405002
0.248149
0.594695
0.966484
0.731702
0.931808
1.233209
-0.250867
0.896232
2.285013
1.530446
0.645685
1.728961
1.629069
0.474393
0.490054
0.073330
0.335825
1.056656
0.550781
0.438967
1.160486
0.682447
0.280096
0.421578
-0.206076
0.593033
-0.136966
-0.114924
0.456758
0.629621
-0.385175
0.529779
0.686695
1.036233
1.374302
1.285657
2.027350
1.097988
2.413187
1.635009
0.529611
0.266184
0.305410
1.782932
1.058649
0.328772
0.412275
0.589266
0.678805
0.614115
0.808785
0.768570
0.821506
1.161619
0.916864
1.307907
-0.115353
1.442825
0.630712
2.197306
4.018655
1.696027
0.750296
1.331271
0.236226
1.537858
0.741791
2.241804
0.468714
-0.176812
0.164420
0.167857
0.735273
0.913980
0.530333
0.131215
1.589664
1.712572
0.706349
2.253127
4.001199
-0.212891
0.901084
0.988305
0.674515
0.328925
0.371071
1.048839
0.643285
2.532125
1.205208
1.648273
1.118661
1.107480
1.120921
0.416113
0.444026
2.267407
0.612403
2.804781
0.695001
2.641940
4.864493
3.054191
0.937773
3.185385
1.356328
0.503280
2.412416
1.283744
0.633214
1.918844
1.699952
0.612897
1.360186
0.079553
0.862005
1.257356
0.510478
3.356246
2.458104
-0.428282
0.233478
1.055278
0.229178
1.618275
0.505439
0.422959
0.800247
0.495909
-0.657959
0.711440
0.276561
0.027696
0.910054
0.975129
1.025045
2.198142
1.615943
0.504806
1.425579
1.226394
0.763385
0.669779
1.177511
0.958094
0.361319
0.783944
1.133667
0.754790
0.895122
0.452397
0.562213
1.044174
0.892616
1.604574
0.529111
0.024915
0.524410
0.121534
0.229199
1.208400
0.279146
1.160257
0.001953
0.590227
0.747142
1.693858
2.051553
0.819461
-0.176162
1.092752
0.994911
0.155792
-0.296380
0.472089
0.741968
0.849599
0.876562
1.228012
0.589224
1.301296
0.052751
1.320279
2.079526
2.044491
1.461125
3.390376
2.127635
0.119901
0.461788
1.123895
1.716888
0.649566
0.241452
-0.183230
0.790242
0.841422
0.350497
1.474854
0.976504
0.374718
0.663683
-0.290105
-0.187610
0.036901
-0.367666
0.262987
0.876326
0.230539
1.210160
0.916757
1.012584
0.458475
0.233056
0.503813
0.254170
0.835227
1.458399
0.087339
0.439456
0.416572
0.016772
0.467272
-0.798114
1.439305
2.107137
0.865566
1.409778
0.734850
1.836602
1.002741
0.773815
0.372504
0.507144
0.585120
0.534656
1.341341
0.588946
0.907353
1.699828
0.560437
0.400896
1.229962
0.174839
0.587275
0.572844
-0.011436
0.808393
0.902810
2.147299
1.257765
1.461835
0.113645
0.318865
0.656110
1.115585
0.725092
0.141815
0.754160
0.432860
0.520452
0.669635
1.011742
0.886444
0.791446
0.970271
0.748817
0.416143
0.606209
0.638219
0.629392
-0.131652
-0.640114
0.272933
-0.006273
-0.373911
0.114891
-0.178079
0.742564
0.542801
-0.038706
0.251515
1.334086
0.681276
0.419708
0.526313
0.351007
0.583355
1.822839
0.087356
0.681861
0.597966
1.395931
1.004728
0.465073
1.159215
0.928398
1.023174
1.219342
0.175257
0.527700
0.911891
1.143188
0.892802
0.590863
1.250505
0.745801
0.889456
0.796882
1.031105
1.090897
1.318881
0.324874
1.489737
2.023033
2.854433
1.001679
1.134753
1.608990
0.443081
0.376548
0.881693
-0.373018
0.168268
0.633041
0.352837
0.686395
1.096833
0.620669
0.351103
0.288460
0.166906
0.552854
0.442802
0.718904
0.619961
0.642918
0.368827
0.930697
0.709589
0.521220
-0.004914
-0.628112
-0.685373
0.295223
0.028590
0.371200
1.396437
1.141549
1.904007
1.393980
0.776138
0.253219
-0.213488
0.628475
-0.126824
0.737738
0.494565
0.572215
0.690184
-0.155392
1.273206
1.184844
0.819933
1.440041
0.723255
0.125005
-0.041837
0.595526
1.322466
0.868027
0.595714
0.119184
0.461136
0.449053
-0.121142
0.324133
0.435410
1.682998
0.776149
-0.035524
0.188562
0.083882
0.469025
1.118628
0.701533
0.188207
0.305874
1.283300
1.953855
1.544789
1.186754
0.958756
0.335331
0.073180
-0.312094
1.024644
0.562073
1.374932
1.208605
1.193131
0.441552
2.013770
0.628525
0.885105
1.368499
0.696244
1.280856
1.015886
0.887509
0.200395
0.136364
0.647310
0.341603
0.472500
0.317962
0.644817
0.503570
0.187925
0.153458
1.383482
0.572467
0.318832
0.553159
0.739537
-0.319136
0.119934
0.892670
1.158766
0.475467
0.447378
-0.038886
1.693669
-0.158070
0.640018
1.759860
-0.108733
-0.380721
1.128180
0.555903
1.102992
0.931823
0.629649
0.999868
0.923441
0.804847
0.236587
0.781842
1.678560
1.766524
1.203123
0.918043
0.159825
0.481113
0.727774
0.532040
0.689057
0.820941
-0.193410
0.583419
0.245384
1.874899
0.530701
1.608115
1.261694
0.519199
0.409051
0.242011
1.314524
1.944386
-0.148158
0.827970
1.361044
2.044685
1.476493
0.783720
1.380061
3.255424
2.453480
1.250619
0.377617
0.350779
-0.313030
1.009916
0.906973
0.071007
0.521472
0.170491
1.091672
1.575326
0.876873
0.086304
1.040465
0.477606
0.359689
0.904723
0.752145
2.265906
-0.086634
0.422956
0.334395
-0.423110
1.574991
1.167416
0.228194
1.546823
-0.038320
-0.093637
0.387985
0.397882
0.163599
-0.109580
1.168997
0.860630
0.832031
0.434455
0.190224
0.146953
1.040849
0.594233
0.220736
0.714775
1.060222
1.170497
1.028480
-0.371707
2.295817
1.162275
0.879701
0.357496
2.917990
2.279696
1.883591
3.407252
0.703614
2.956941
0.199666
1.351812
0.777150
0.497029
0.309746
2.001403
2.067840
1.662749
1.780303
1.057949
0.841889
1.620631
0.859895
2.015512
2.021722
1.192515
1.937256
0.357296
0.160256
0.127402
3.297087
1.309872
2.321195
1.542831
2.324209
1.319552
1.645189
1.420171
0.874402
1.963815
2.935481
2.046365
1.568969
3.242053
0.488777
1.835561
2.008903
3.818994
6.351484
3.576606
0.128549
1.554933
1.442639
2.456153
0.321989
0.679011
0.567517
1.191869
-0.197230
0.716339
-0.335194
0.586500
0.041727
0.431789
0.877721
0.709247
2.460532
1.014788
1.301632
1.224802
0.666606
0.545291
0.342905
0.742573
0.849688
0.956755
0.988755
2.588972
2.089931
2.080162
2.204589
3.400726
1.258220
-0.790117
0.183555
0.586614
1.118051
0.306592
1.125716
1.139058
0.656865
1.190284
2.008903
0.950229
0.941300
0.436516
1.560393
0.760065
1.496041
0.477263
0.769546
0.837183
0.971423
1.673455
1.309917
1.931262
0.291074
0.494991
0.350383
0.643648
1.275924
-0.413379
0.607252
0.173968
3.037820
1.067942
0.503918
1.494732
5.648839
2.272877
1.474223
2.754068
0.768220
-0.190033
3.066365
1.185652
0.456146
2.208521
0.845028
1.207887
1.191183
0.362496
1.267576
1.226648
0.919016
2.796709
1.991835
0.780694
0.167571
1.094195
1.584179
1.318452
0.708817
1.563089
0.687228
0.569740
0.897508
0.714765
1.289622
1.821234
0.499792
-0.391533
1.076192
0.570935
1.046938
1.439509
0.866818
2.551599
0.918049
1.054569
0.002363
0.001535
0.893199
0.586939
1.432632
0.874060
-0.123328
0.054943
0.676916
1.221917
0.309314
0.538930
0.380635
1.848625
0.865358
2.589186
3.429162
1.539903
0.471255
-0.135379
-0.227525
0.697136
1.360522
1.053980
0.596836
0.148668
2.038642
0.516100
3.351973
1.442406
0.467600
0.646341
0.295960
0.360426
2.134287
0.675636
2.599877
1.156572
1.816294
0.498128
0.584718
-0.962984
4.739431
2.997785
2.598750
0.864395
0.573313
2.418813
0.663012
1.359614
-0.097804
0.296321
2.778958
1.688904
0.292710
-0.441668
0.632026
1.146871
6.025752
2.218097
2.059136
0.244046
1.181587
2.949761
0.697428
-0.356247
2.166463
4.412011
3.772896
8.272692
4.083601
1.896511
0.500526
2.156440
4.215556
1.731019
0.621484
2.958925
2.454198
0.818555
0.604509
0.209041
1.634156
2.886327
0.374605
1.665654
1.687541
0.569645
0.541154
0.479481
0.608274
-0.446762
1.074386
0.884849
1.118058
0.786400
0.364551
0.535468
2.008920
3.500661
1.510170
0.690667
0.617107
-0.134284
1.481935
0.813170
1.379386
2.542805
4.842179
2.652928
3.117884
1.782547
2.035434
0.817918
0.778707
0.772603
0.249682
1.277687
1.781471
0.826368
-0.023933
0.718140
0.646032
0.335992
0.883610
1.191283
3.348479
2.074792
0.931835
1.876904
0.818794
0.265789
0.898407
1.408466
2.567862
1.323104
2.070360
1.446501
1.323558
1.097667
0.706486
2.295219
1.712275
0.595616
0.279568
0.943953
4.007740
1.888319
0.830731
2.522111
0.381196
0.735468
0.677883
2.185107
0.635228
1.724580
0.997594
0.805094
1.147599
1.485172
0.832300
0.452934
1.139183
0.155616
0.344307
-0.447446
0.428911
1.342050
1.579505
0.880436
1.157730
0.296780
1.038153
2.299585
0.810512
1.011861
0.693718
0.242502
-0.015443
0.099029
0.478759
0.777326
0.740571
1.099278
0.536894
-0.496648
2.280340
1.852560
0.224412
0.733491
0.369796
-0.188472
-0.143360
0.780930
0.800611
1.245575
0.082818
0.570662
1.121059
1.172494
1.467977
1.278012
0.404206
-0.402102
0.361437
-0.188218
0.602004
1.032323
-0.151337
0.837959
0.735977
0.888022
0.762025
0.802624
0.419087
-0.179643
-0.080309
-0.092428
0.332518
0.333681
0.228463
-0.275638
1.151388
0.986404
0.791918
0.669237
0.571980
0.977456
0.507235
0.419447
1.211708
1.156109
0.792766
1.089876
0.733796
0.922592
0.809473
0.497278
1.550567
1.466980
1.122409
0.218366
1.379469
2.053035
2.093291
0.742834
0.702170
0.971991
0.741338
1.222198
1.203432
0.578968
0.053713
-0.879717
0.476544
1.132088
0.964954
1.449836
0.565531
0.475464
0.404372
0.536459
2.226978
1.189375
0.927074
0.428376
0.273506
0.546266
1.258497
0.628768
0.429780
0.968265
0.699632
0.490874
2.671184
4.160142
1.429554
1.720348
2.287743
0.593014
0.327084
1.467032
1.186140
0.939192
0.831213
2.586560
0.774670
1.012080
0.468007
1.881220
3.520600
1.188346
1.579498
1.134986
0.958551
0.154828
1.218321
2.004437
0.996460
0.018730
0.450277
1.027999
1.129057
0.969988
1.403648
0.617652
0.664823
1.970669
0.307972
1.215264
0.605813
0.127627
0.542452
0.764630
1.474024
0.865870
2.050376
0.671121
-0.062534
0.821300
1.816026
0.362337
0.532603
0.309537
1.192349
0.875350
0.437461
0.805073
1.200592
0.128967
0.504800
0.502673
0.921379
-0.776061
-0.762342
0.053585
-0.075402
1.181186
-0.190870
0.162260
-0.050648
1.511082
0.488437
0.640855
1.164289
0.554421
0.813315
0.707895
1.556437
1.089159
0.812042
0.813101
2.070100
1.392938
0.449656
-0.055965
0.554130
1.299521
0.261764
0.454618
-0.415909
1.081582
-0.092635
-0.002598
-0.078810
0.762631
0.783942
1.120429
0.052450
0.342223
0.232922
1.381511
1.141547
2.260609
1.710848
1.631672
3.957665
2.632907
0.131344
1.290173
1.448196
0.734102
1.759698
2.448997
1.073745
1.045711
0.547674
0.562126
0.468056
0.884866
0.662194
1.622433
1.271766
0.531560
0.879051
0.820510
1.773242
0.278065
1.180989
1.025544
1.340875
2.538016
0.378646
0.584471
-0.016666
0.182262
0.366438
1.215764
1.357981
0.046830
0.703869
1.070478
1.475595
0.489802
-0.135313
-0.323364
-0.313012
0.513879
0.364718
1.951261
0.830808
0.551832
0.980497
1.007177
1.217387
1.243575
1.446392
1.596521
-0.232152
0.377295
1.026985
1.154076
0.602194
0.202560
0.769302
0.242070
0.100360
0.476393
0.980999
0.580864
1.036257
1.142437
0.687672
1.119211
1.195846
0.497598
0.486060
1.139735
0.761108
0.821995
0.606179
1.082100
0.752004
1.497239
1.358253
1.680564
1.017317
0.018399
0.119216
1.025439
2.043035
1.137813
0.984292
1.330714
0.575543
0.230530
0.997931
1.191584
0.132977
0.884146
0.752163
0.566985
0.810451
1.439113
0.137902
0.113586
0.397927
0.325610
0.710868
0.778068
0.465990
-0.236113
1.423984
0.851058
0.767005
0.699277
2.088864
1.719992
1.668533
0.843669
1.071081
0.706653
0.884188
0.535963
0.071942
0.557467
0.763466
-0.132227
1.614959
0.745764
0.314621
0.651441
1.193939
0.973766
3.207645
1.567996
0.489086
1.031925
0.761788
2.405729
1.266130
1.216972
0.758115
1.747015
0.597095
0.783485
0.687707
0.921942
1.619794
1.155857
0.624557
1.112320
1.580596
1.370765
0.782226
0.555896
0.618246
0.150313
0.724907
-0.194651
-0.196951
0.933272
1.223575
1.204257
0.877693
0.338427
1.419474
0.717990
0.810366
0.801597
1.146395
0.926708
1.229185
0.859902
0.368177
0.550024
0.672947
1.322843
0.501549
1.139597
0.593338
-0.129895
0.637928
-0.061415
0.785921
0.833662
0.555280
1.193348
0.628902
0.428262
0.673370
1.275475
0.996890
0.443733
1.392593
1.003305
0.851188
0.755748
0.332195
1.038118
1.946903
1.297692
1.191772
0.563367
1.309353
0.888243
1.234570
1.569656
0.887496
0.273710
0.148439
0.344498
0.730892
0.513904
0.614305
0.427358
0.655616
0.692583
0.620454
0.930324
0.156092
0.950985
0.160110
0.753986
0.877518
0.858360
0.415621
0.676986
0.447530
0.565754
0.424853
0.645607
0.398304
0.772354
0.569662
0.110901
0.496549
1.497129
1.987025
1.014646
1.440013
1.530927
1.166446
1.340865
1.718154
1.607527
2.655269
1.748035
1.117738
0.743290
1.472148
0.833670
0.785656
0.860290
0.579612
0.778274
1.385269
0.454845
1.478208
0.120925
1.551400
0.404704
0.206675
1.244780
0.609616
-0.071459
0.447798
0.359149
0.929196
0.478941
0.724883
1.170816
1.053154
0.591501
2.223514
1.583003
1.856399
3.435971
1.707261
1.750165
0.982559
1.052618
0.618880
1.164053
2.264688
1.513100
0.924853
1.828751
1.909737
0.786034
0.840200
1.336985
0.926736
-0.106595
0.142637
0.101080
0.176162
-0.268591
0.026928
0.907465
1.424332
0.590060
-0.018216
1.064232
0.784968
0.036482
1.009346
1.445479
0.985643
0.893948
1.084014
1.301509
1.680030
1.312725
0.238785
0.499344
1.262904
2.357121
0.841560
1.805781
0.420774
0.022587
-0.004028
0.557175
0.349590
0.652805
1.001179
0.398289
0.312288
0.472340
0.370802
0.979097
0.587617
0.312939
0.045441
1.426839
0.314301
0.259680
0.078266
1.269242
0.362121
1.774984
0.288044
0.790000
0.296522
-0.488119
-0.218480
0.907542
0.953916
0.761617
-0.115946
1.275278
1.413251
2.720140
1.715392
3.003557
1.436868
0.014992
0.162243
0.738584
1.791838
0.787651
1.548811
2.812505
5.590060
2.902355
1.428664
3.325727
0.640459
1.245741
1.884603
0.781855
0.453184
0.020163
1.094101
0.224665
1.254550
0.745718
1.964827
2.313427
2.655063
1.841906
-0.237484
1.594239
1.916976
0.655773
3.764686
2.223278
0.855208
1.628563
1.974121
1.262304
0.890525
1.313348
2.194821
0.572534
0.875385
0.914603
1.400324
0.466645
0.316928
0.877069
0.331128
1.020886
2.594240
1.257802
1.282763
0.859436
1.263588
0.637889
1.159354
0.653987
2.271078
1.368169
1.929166
1.773617
1.154880
-0.331793
0.657493
1.241690
0.343682
-0.152021
1.618858
0.250871
-0.266655
0.669858
-0.273752
-0.998879
0.209504
0.169719
0.100508
-0.584975
0.351894
0.967999
-0.098132
0.514577
1.031365
0.907033
0.430385
0.544613
1.062789
0.433390
-0.131193
1.345076
1.303091
0.383367
1.232391
1.802781
0.589268
0.759588
0.775070
0.810886
2.370700
1.208164
1.432948
0.535542
1.068914
0.727979
1.126187
0.476754
1.183326
1.422584
0.226745
0.390108
1.286462
0.300724
0.657296
0.129784
1.147302
1.268779
2.123434
1.807634
3.249850
1.499373
0.680161
2.020104
2.068856
1.464141
0.567996
1.204530
1.388874
2.010881
3.798074
1.806773
0.785101
1.158257
1.609270
0.715789
5.194987
2.548763
2.488327
1.861965
2.937740
1.535844
1.997800
0.276934
0.732991
1.645708
2.815425
1.662983
1.436849
2.829093
3.876693
1.862620
8.361053
3.450697
3.077119
1.162295
4.534850
1.766109
2.318767
0.613954
3.262844
1.562925
0.914899
0.804553
-0.115026
0.117841
1.079131
0.566390
0.312372
2.155218
0.859265
2.433558
2.387312
5.325512
3.289338
1.146205
-0.096658
0.866515
1.537278
2.213787
0.752348
-0.049713
-0.232015
0.344178
2.958490
2.515071
1.331754
1.571291
1.707661
1.408428
1.080484
1.147833
3.015927
1.340043
0.696224
1.132782
2.041806
0.943244
0.509448
0.234275
1.448729
0.510129
0.333994
0.280079
1.398057
1.931092
0.595247
1.453371
0.417292
0.523359
0.317021
-0.307531
0.529884
0.680071
0.680995
0.054106
0.913633
0.131050
2.020160
0.593895
1.365356
1.170065
-0.060539
0.225954
0.362152
1.247154
2.170804
0.933050
4.504578
1.439222
0.233405
2.543825
1.961345
0.171581
-0.437111
1.299749
0.905570
0.542023
0.726423
0.247494
-0.276252
0.355899
-0.243162
0.956458
1.357688
0.123253
0.390611
0.147663
1.551990
1.928429
2.072711
3.248959
0.905084
0.656551
0.373728
0.502154
-0.002622
-0.573290
0.875863
0.681167
1.521215
0.290161
1.160161
1.349639
0.032784
0.635362
0.255185
0.493586
0.418648
0.596958
-0.041805
0.087936
1.095776
-0.184534
2.201550
1.733828
1.520397
0.949897
0.611997
-0.194304
0.855144
1.281181
1.323118
3.622694
2.330358
0.429685
-0.097161
0.746704
1.898816
3.463544
-0.275230
0.998574
0.629117
0.205295
1.406811
0.229131
1.954353
0.182381
2.390148
0.834258
2.691322
1.187941
5.819368
3.131651
1.403913
3.935407
0.888942
1.880018
0.638198
0.337121
0.994354
1.745670
0.603340
0.573954
2.063114
1.702843
1.457110
1.096367
1.393484
1.053674
1.203166
0.486322
-0.025628
0.322428
0.303017
0.658613
1.541635
0.747604
0.748500
0.535347
1.791518
0.735258
0.640646
0.570396
1.122304
1.947665
1.662654
0.954744
1.920988
3.428573
0.203707
0.671970
2.373468
1.798081
1.006346
1.375618
0.717026
0.416271
1.283191
1.092718
1.203125
1.970047
0.377857
0.621755
0.096248
-0.006848
0.730256
0.662829
0.267780
0.193711
1.312911
0.419150
0.731837
0.586633
0.402849
0.571806
0.571360
-0.028963
1.094834
0.308305
-0.096980
0.199241
0.446794
0.843584
0.179933
0.913782
0.715239
0.487764
0.295047
0.594805
0.668623
0.762452
0.157284
1.145161
-0.017295
0.648814
1.819856
1.478429
0.980426
0.263070
-0.240847
1.194728
0.057692
0.338251
1.259737
1.457242
-0.125613
-0.575496
0.132811
-0.338260
1.045011
0.128883
0.511614
0.964847
2.062574
0.523398
0.689754
0.369616
1.818011
0.667133
1.638461
2.556889
0.362752
0.900444
0.880837
2.216221
2.361201
0.462076
0.480537
0.963708
0.036550
0.188803
0.303436
1.673452
0.493384
1.003128
-0.121466
0.884738
1.374160
2.897757
0.680971
1.328499
2.009231
0.878408
0.547891
1.983907
5.258170
3.199095
1.520467
2.419199
0.034019
-0.258658
0.785404
1.085678
2.543946
0.945099
0.076047
1.201062
1.055411
0.471682
0.181810
-1.293411
2.221045
0.711216
0.074089
0.343358
1.948758
3.763732
1.964238
0.834407
1.282064
2.918125
0.998634
0.558360
0.858484
2.384861
1.408298
1.025363
0.507794
-0.130056
0.105257
0.788760
0.466397
0.186541
0.508431
0.214077
-1.003415
-0.011156
-0.241330
-0.010824
2.402723
5.273658
2.078470
1.075057
2.356381
1.089246
-0.688537
-0.243653
4.996385
7.870701
4.030561
1.156339
-0.328818
1.562262
4.581070
2.087831
-1.243169
-0.530970
1.382318
0.392556
2.936574
1.291121
1.240748
0.902823
3.170088
1.476788
-0.227727
0.762468
0.576307
2.320570
3.749571
2.301578
8.549176
4.665470
1.602625
4.555593
-0.011013
1.675267
2.105653
4.810820
-0.075630
0.289921
0.419086
2.787642
2.348349
-0.152776
4.419898
1.971038
-0.171476
1.158145
1.256078
2.094589
0.235958
2.963596
1.736634
4.430383
-0.533240
1.475672
0.706244
3.079942
0.090354
-0.189834
0.794670
-0.280819
0.622975
0.027928
1.199524
1.371284
0.742444
1.619305
1.343955
3.701985
7.362914
2.700655
3.066583
0.742168
2.828752
1.445776
-0.731594
1.216717
3.131584
0.769090
7.139626
3.271101
1.324804
3.117054
1.263235
-0.166872
0.796501
3.140226
7.103363
2.337437
12.970463
6.021111
1.877552
8.018990
-1.044696
1.745267
1.506571
5.644823
0.639153
1.761955
0.213873
1.315768
0.994820
0.752525
0.250116
0.970185
-0.251604
1.356891
2.434169
0.410488
-0.204907
-1.296056
0.210217
-0.031495
1.096246
1.506140
1.185145
0.382699
0.326973
0.485756
2.324504
1.103793
0.394286
1.775608
0.528895
0.312596
1.259792
0.629440
2.877662
0.390645
-0.292068
1.755245
-0.346647
0.667325
2.456815
1.522666
2.370920
4.379316
2.457371
1.448362
1.292123
0.088349
0.685276
0.274592
2.817490
0.454765
1.751438
0.331027
0.983946
3.973196
4.058155
2.290179
8.024854
3.687112
1.125972
4.762457
2.352410
0.694487
-0.894791
-0.764834
0.389537
-0.024404
-0.921497
0.267269
0.604348
-0.506398
-0.030753
-0.420235
-0.065646
0.912681
1.191383
1.581656
0.590080
1.163514
2.010920
1.618954
0.760820
1.941787
0.205870
1.023053
0.160061
-0.632282
1.296786
1.161070
0.552993
0.664770
0.928113
2.452375
0.523373
2.433757
0.642420
0.840031
0.889704
0.421203
0.809904
0.157508
0.544646
0.716466
0.035167
0.360177
0.337565
0.426104
1.858138
1.043559
0.976060
1.162105
0.498733
1.005714
0.710369
1.405502
0.810650
1.024330
0.021945
1.159170
0.848312
1.345959
1.867376
2.378107
1.196728
1.101529
0.174390
1.080540
1.255712
0.559708
2.002226
0.734778
0.085296
1.334166
1.269831
2.313951
0.370700
0.680680
0.873452
1.534624
0.706492
0.527469
0.072396
0.561768
0.190181
1.422934
1.349428
1.560448
1.188001
0.822176
2.060310
3.977001
0.550173
1.000745
1.394139
1.534409
1.287250
0.741482
0.621834
0.250809
0.080920
0.551483
0.496568
0.013818
1.306256
2.046689
0.839665
0.354326
2.082210
3.489022
2.190663
1.194123
0.835474
0.447396
-0.317960
1.056117
1.129716
2.651146
2.707133
5.907757
0.528441
1.045107
3.300343
1.260035
0.704184
0.599986
-0.068915
-0.576985
3.109621
2.052189
1.571634
1.661356
0.752707
0.232776
0.636179
0.211191
1.794630
0.292057
0.752529
0.329698
0.904599
1.072318
1.583700
0.920691
0.764464
1.896666
2.089720
2.480720
0.332059
0.096997
1.692512
-0.053148
1.023179
-0.051902
3.295561
2.304658
0.536214
1.227377
1.585005
1.038828
0.389452
1.145430
0.329930
-0.004918
0.707238
-0.092579
2.056502
0.723341
1.670933
0.491251
0.022933
0.132737
2.401783
1.066142
1.285382
3.293597
1.275289
0.626172
0.626002
-0.424450
2.966694
0.964420
1.084466
0.068168
-0.183816
-0.165245
1.813707
0.465679
1.172603
2.501979
0.205200
0.983290
4.976461
2.548295
2.824985
0.320592
1.200242
2.375974
1.389586
0.393976
0.812868
1.729237
0.480403
-0.142258
1.538250
3.103394
1.225408
0.260388
1.333089
2.086163
1.912352
5.609337
-0.490817
-0.405761
0.840951
1.866295
2.871715
0.477454
1.425690
4.081590
1.621754
4.039010
3.539972
8.426938
1.655019
4.721581
0.130265
2.808002
0.326086
0.014185
0.004651
0.785316
1.718131
1.441437
-0.031523
0.528034
1.480428
0.146178
3.192367
1.866913
0.140314
0.186426
1.524196
0.609821
1.141894
2.952348
0.665564
2.262445
0.097231
0.527929
1.110806
2.063349
0.615112
2.363646
4.486035
2.215514
-0.447750
1.355090
2.017275
2.896749
-0.222802
0.774337
1.168321
0.426559
1.140323
1.090920
1.639707
0.926233
1.552510
0.182249
0.353736
1.453446
0.056181
0.064989
1.569647
0.800755
-0.280068
0.959964
0.078030
0.180512
0.175390
-0.374120
0.170972
-0.108494
0.297798
0.789814
0.780850
1.148210
1.035407
0.340457
1.095431
0.519374
2.365315
1.255029
-0.465040
0.485679
3.855565
1.578870
0.752669
1.790650
0.386864
0.710636
0.569423
0.031317
1.040913
1.756095
-0.107858
1.468431
0.100801
-0.382184
0.656966
1.203264
0.930101
2.416889
1.363957
1.099261
1.066557
-0.170387
0.386394
0.180535
0.313173
0.985653
-0.408915
0.390071
1.470504
0.123917
1.440591
1.391888
2.439138
0.688342
0.838340
0.554168
0.582022
0.847807
0.567067
1.377390
-0.058800
0.712044
1.119442
1.305067
0.436239
1.425410
1.589582
1.164071
1.184904
0.122541
0.263584
0.624840
0.656634
-0.361171
0.163372
0.912836
0.707494
1.109507
0.348580
0.568478
1.132784
0.592141
0.273487
-0.024018
1.069620
0.441241
0.578878
0.617967
1.178488
1.517283
2.172707
1.512802
0.628562
0.497315
0.350446
0.934076
0.804724
0.553252
0.707672
0.249775
0.447351
1.502878
0.960793
1.298650
0.860349
0.605087
1.016175
0.601700
0.966227
0.901491
-0.016910
0.089753
1.011614
0.888038
1.549091
0.897433
0.887047
0.998703
1.083585
-0.007781
-0.715818
0.513248
1.116109
1.375591
0.553278
1.182057
-0.278094
-0.168406
0.964251
0.525519
1.571334
0.608784
1.035234
2.069522
1.139099
1.152130
1.256447
1.426737
0.517893
-0.637427
1.644793
0.362648
0.797497
0.709243
1.219710
2.344578
1.425672
0.774893
1.722715
2.661767
1.822295
0.700021
0.383682
0.698566
1.982590
1.006347
1.493184
0.919328
1.158665
2.468147
1.058316
0.955399
-0.137631
0.492701
2.458991
1.106201
0.981971
0.684747
0.018763
0.361966
1.314096
0.498771
0.967035
1.337220
0.577895
0.639260
1.617671
0.622380
1.083857
3.939412
1.664259
2.516818
5.081335
3.300191
0.144683
0.566482
0.401079
2.385058
1.911525
0.342139
1.672587
3.468170
0.710636
2.054129
3.401199
0.992518
0.839978
0.504141
0.473400
-0.276436
0.254237
1.882381
-0.329608
1.272246
0.332326
-0.420980
-0.484048
0.097677
0.854796
0.155092
1.646539
0.291528
0.170255
1.366812
0.921375
0.046254
3.079016
1.629617
1.691180
0.280227
1.194056
1.505375
-0.157752
1.195147
0.091674
0.334642
1.058783
0.718987
1.364672
2.370586
-0.264846
1.138104
0.532479
0.503680
0.345720
1.102021
0.656986
0.933218
0.508043
0.426825
